[
[[0 0 0] [0 0 0] [0 0 0] [0 0 0] [0 0 0] [0 0 0] [0 0 0] [0 0 0] [0 0 0] [0 0 0] [0 0 0] [0 0 0] [0 0 0] [0 0 0] [0 0 0] [0 0 0] [0 0 0] [0 0 0] [0 0 0] [0 0 0] [0 0 0]]
[[0 0 0] [0 0 0] [0 0 0] [0 0 0] [0 0 0] [0 0 0] [0 0 0] [0 0 0] [0 0 0] [0 0 0] [0 0 0] [0 0 0] [0 0 0] [0 0 0] [0 0 0] [0 0 0] [0 0 0] [0 0 0] [0 0 0] [0 0 0] [0 0 0]]
[[0 0 0] [0 0 0] [0 0 0] [0 0 0] [0 0 0] [0 0 0] [0 0 0] [0 0 0] [0 0 0] [0 0 0] [0 0 0] [0 0 0] [0 0 0] [0 0 0] [0 0 0] [0 0 0] [0 0 0] [0 0 0] [0 0 0] [0 0 0] [0 0 0]]
[[0 0 0] [0 0 0] [0 0 0] [0 0 0] [0 0 0] [0 0 0] [0 0 0] [0 0 0] [0 0 0] [0 0 0] [0 0 0] [0 0 0] [0 0 0] [0 0 0] [0 0 0] [0 0 0] [0 0 0] [0 0 0] [0 0 0] [0 0 0] [0 0 0]]
[[0 0 0] [0 0 0] [0 0 0] [0 0 0] [0 0 0] [0 0 0] [0 0 0] [0 0 0] [0 0 0] [0 0 0] [0 0 0] [0 0 0] [0 0 0] [0 0 0] [0 0 0] [0 0 0] [0 0 0] [0 0 0] [0 0 0] [0 0 0] [0 0 0]]
[[0 0 0] [0 0 0] [0 0 0] [0 0 0] [0 0 0] [0 0 0] [0 0 0] [0 0 0] [0 0 0] [0 0 0] [0 0 0] [0 0 0] [0 0 0] [0 0 0] [0 0 0] [0 0 0] [0 0 0] [0 0 0] [0 0 0] [0 0 0] [0 0 0]]
[[0 0 0] [0 0 0] [0 0 0] [0 0 0] [0 0 0] [0 0 0] [0 0 0] [0 0 0] [0 0 0] [0 0 0] [0 0 0] [0 0 0] [0 0 0] [0 0 0] [0 0 0] [0 0 0] [0 0 0] [0 0 0] [0 0 0] [0 0 0] [0 0 0]]
[[0 0 0] [0 0 0] [0 0 0] [0 0 0] [0 0 0] [0 0 0] [0 0 0] [0 0 0] [0 0 0] [0 0 0] [0 0 0] [0 0 0] [0 0 0] [0 0 0] [0 0 0] [0 0 0] [0 0 0] [0 0 0] [0 0 0] [0 0 0] [0 0 0]]
[[0 0 0] [0 0 0] [0 0 0] [0 0 0] [0 0 0] [0 0 0] [0 0 0] [0 0 0] [0 0 0] [0 0 0] [0 0 0] [0 0 0] [0 0 0] [0 0 0] [0 0 0] [0 0 0] [0 0 0] [0 0 0] [0 0 0] [0 0 0] [0 0 0]]
[[0 0 0] [0 0 0] [0 0 0] [0 0 0] [0 0 0] [0 0 0] [0 0 0] [0 0 0] [0 0 0] [0 0 0] [0 0 0] [0 0 0] [0 0 0] [0 0 0] [0 0 0] [0 0 0] [0 0 0] [0 0 0] [0 0 0] [0 0 0] [0 0 0]]
[[0 0 0] [0 0 0] [0 0 0] [0 0 0] [0 0 0] [0 0 0] [0 0 0] [0 0 0] [0 0 0] [0 0 0] [0 0 0] [0 0 0] [0 0 0] [0 0 0] [0 0 0] [0 0 0] [0 0 0] [0 0 0] [0 0 0] [0 0 0] [0 0 0]]
[[0 0 0] [0 0 0] [0 0 0] [0 0 0] [0 0 0] [0 0 0] [0 0 0] [0 0 0] [0 0 0] [0 0 0] [0 0 0] [0 0 0] [0 0 0] [0 0 0] [0 0 0] [0 0 0] [0 0 0] [0 0 0] [0 0 0] [0 0 0] [0 0 0]]
[[0 0 0] [0 0 0] [0 0 0] [0 0 0] [0 0 0] [0 0 0] [0 0 0] [0 0 0] [0 0 0] [0 0 0] [0 0 0] [0 0 0] [0 0 0] [0 0 0] [0 0 0] [0 0 0] [0 0 0] [0 0 0] [0 0 0] [0 0 0] [0 0 0]]
[[0 0 0] [0 0 0] [0 0 0] [0 0 0] [0 0 0] [0 0 0] [0 0 0] [0 0 0] [0 0 0] [0 0 0] [0 0 0] [0 0 0] [0 0 0] [0 0 0] [0 0 0] [0 0 0] [0 0 0] [0 0 0] [0 0 0] [0 0 0] [0 0 0]]
[[0 0 0] [0 0 0] [0 0 0] [0 0 0] [0 0 0] [0 0 0] [0 0 0] [0 0 0] [0 0 0] [0 0 0] [0 0 0] [0 0 0] [0 0 0] [0 0 0] [0 0 0] [0 0 0] [0 0 0] [0 0 0] [0 0 0] [0 0 0] [0 0 0]]
[[0 0 0] [0 0 0] [0 0 0] [0 0 0] [0 0 0] [0 0 0] [0 0 0] [0 0 0] [0 0 0] [0 0 0] [0 0 0] [0 0 0] [0 0 0] [0 0 0] [0 0 0] [0 0 0] [0 0 0] [0 0 0] [0 0 0] [0 0 0] [0 0 0]]
[[0 0 0] [0 0 0] [0 0 0] [0 0 0] [0 0 0] [0 0 0] [0 0 0] [0 0 0] [0 0 0] [0 0 0] [0 0 0] [0 0 0] [0 0 0] [0 0 0] [0 0 0] [0 0 0] [0 0 0] [0 0 0] [0 0 0] [0 0 0] [0 0 0]]
[[0 0 0] [0 0 0] [0 0 0] [0 0 0] [0 0 0] [5 6 2] [0 0 0] [0 0 0] [0 0 0] [0 0 0] [0 0 0] [0 0 0] [0 0 0] [0 0 0] [0 0 0] [0 0 0] [0 0 0] [0 0 0] [0 0 0] [0 0 0] [0 0 0]]
[[0 0 0] [0 0 0] [8 8 8] [0 0 0] [0 0 0] [5 6 2] [0 0 0] [0 0 0] [5 6 2] [0 0 0] [0 0 0] [5 6 2] [0 0 0] [0 0 0] [5 6 2] [0 0 0] [0 0 0] [0 0 0] [0 0 0] [0 0 0] [0 0 0]]
[[5 6 2] [8 8 8] [16 8 16] [0 0 0] [8 8 8] [8 8 8] [0 0 0] [0 0 0] [8 8 8] [0 0 0] [0 0 0] [5 6 2] [0 0 0] [0 0 0] [5 6 2] [0 0 0] [0 0 0] [5 6 2] [0 0 0] [0 0 0] [5 6 2]]
[[5 6 2] [8 8 8] [17 16 12] [5 6 2] [5 6 2] [17 16 12] [8 8 8] [5 6 2] [17 16 12] [0 0 0] [0 0 0] [17 16 12] [0 0 0] [5 6 2] [8 8 8] [5 6 2] [5 6 2] [8 8 8] [0 0 0] [5 6 2] [8 8 8]]
[[8 8 8] [8 17 20] [26 33 27] [5 6 2] [8 8 8] [26 33 27] [5 6 2] [8 8 8] [40 21 9] [0 0 0] [5 6 2] [19 24 21] [8 8 8] [5 6 2] [17 16 12] [8 8 8] [8 8 8] [17 16 12] [8 8 8] [8 8 8] [17 16 12]]
[[8 17 20] [19 24 21] [71 49 24] [8 8 8] [17 16 12] [71 49 24] [8 8 8] [8 8 8] [26 33 27] [8 8 8] [8 8 8] [19 24 21] [5 6 2] [8 8 8] [40 21 9] [8 8 8] [8 8 8] [17 16 12] [8 16 8] [17 16 12] [19 24 21]]
[[17 16 12] [41 37 25] [173 96 48] [8 16 8] [19 24 21] [73 71 50] [8 8 8] [8 17 20] [43 50 42] [8 8 8] [8 16 8] [41 37 25] [8 8 8] [8 8 8] [26 33 27] [8 8 8] [8 17 20] [19 24 21] [17 16 12] [17 16 12] [26 33 27]]
[[19 24 21] [43 50 42] [173 96 48] [17 16 12] [26 33 27] [120 102 60] [8 16 8] [19 24 21] [56 62 47] [8 17 20] [8 17 20] [43 50 42] [8 8 8] [8 8 8] [26 33 27] [8 17 20] [8 17 20] [26 33 27] [17 16 12] [19 24 21] [26 33 27]]
[[19 24 21] [43 50 42] [235 172 99] [19 24 21] [25 41 46] [122 124 87] [17 16 12] [10 24 37] [73 71 50] [8 8 8] [19 24 21] [56 62 47] [8 16 8] [17 16 12] [25 41 46] [8 17 20] [8 17 20] [25 41 46] [19 24 21] [26 33 27] [43 50 42]]
[[26 33 27] [56 62 47] [235 172 99] [19 24 21] [25 41 46] [173 151 106] [8 17 20] [19 24 21] [80 86 68] [8 17 20] [19 24 21] [56 62 47] [8 17 20] [19 24 21] [43 50 42] [8 17 20] [10 24 37] [27 49 56] [19 24 21] [26 33 27] [27 49 56]]
[[17 33 39] [52 71 70] [242 222 168] [17 33 39] [43 50 42] [183 168 120] [19 24 21] [17 33 39] [80 86 68] [8 17 20] [10 24 37] [63 81 71] [8 17 20] [19 24 21] [44 57 59] [19 24 21] [19 24 21] [27 49 56] [17 33 39] [25 41 46] [44 57 59]]
[[17 33 39] [63 81 71] [254 251 179] [17 33 39] [44 57 59] [208 201 152] [19 24 21] [24 33 49] [86 104 102] [19 24 21] [19 24 21] [55 84 88] [8 17 20] [10 24 37] [52 71 70] [10 24 37] [17 33 39] [44 57 59] [19 24 21] [25 41 46] [33 56 70]]
[[25 41 46] [63 81 71] [252 253 207] [17 33 39] [44 57 59] [242 222 168] [10 24 37] [17 33 39] [86 121 119] [8 17 20] [17 33 39] [55 84 88] [8 17 20] [10 24 37] [39 66 71] [10 24 37] [10 24 37] [44 57 59] [17 33 39] [25 41 46] [39 66 71]]
[[25 41 46] [63 81 71] [255 255 231] [17 33 39] [44 57 59] [236 238 229] [10 24 37] [25 41 46] [86 121 119] [19 24 21] [17 33 39] [57 90 114] [8 17 20] [19 24 21] [52 71 70] [10 24 37] [17 33 39] [39 66 71] [17 33 39] [25 41 46] [39 66 71]]
[[25 41 46] [66 90 118] [255 255 255] [17 33 39] [39 66 71] [255 255 231] [10 24 37] [25 41 46] [100 132 119] [19 24 21] [17 33 39] [69 102 101] [19 24 21] [10 24 37] [48 73 85] [10 24 37] [17 33 39] [39 66 71] [17 33 39] [24 41 57] [39 66 71]]
[[24 41 57] [66 90 118] [255 255 255] [25 41 46] [52 71 70] [255 255 247] [10 24 37] [24 41 57] [114 139 153] [10 24 37] [25 41 46] [69 102 101] [19 24 21] [10 24 37] [55 84 88] [10 24 37] [17 33 39] [39 66 71] [16 33 49] [24 41 57] [35 66 89]]
[[27 49 56] [69 102 101] [255 255 255] [25 41 46] [48 73 85] [255 255 255] [10 24 37] [27 49 56] [102 150 153] [10 24 37] [25 41 46] [79 107 119] [19 24 21] [10 24 37] [52 83 105] [10 24 37] [16 33 49] [39 66 71] [16 33 49] [24 41 57] [35 66 89]]
[[27 49 56] [86 104 102] [255 255 255] [24 33 49] [55 84 88] [255 255 255] [10 24 37] [27 49 56] [115 155 151] [10 24 37] [24 41 57] [72 116 121] [10 24 37] [17 33 39] [55 84 88] [17 33 39] [16 33 49] [48 73 85] [16 33 49] [24 49 72] [41 74 97]]
[[24 49 72] [79 107 119] [255 255 255] [24 41 57] [55 84 88] [255 255 255] [17 33 39] [33 56 70] [115 155 151] [10 24 37] [24 41 57] [72 116 121] [10 24 37] [16 33 49] [49 90 113] [16 33 49] [16 33 49] [48 73 85] [17 33 39] [27 49 56] [48 73 85]]
[[27 49 56] [79 107 119] [255 255 255] [24 41 57] [55 84 88] [255 255 255] [10 24 37] [24 49 72] [118 169 169] [10 24 37] [24 41 57] [74 123 146] [10 24 37] [17 33 39] [55 84 88] [17 33 39] [16 33 49] [41 74 97] [16 33 49] [27 49 56] [41 74 97]]
[[24 49 72] [79 107 119] [255 255 255] [24 41 57] [55 84 88] [255 255 255] [17 33 39] [33 56 70] [138 165 188] [10 24 37] [24 41 57] [86 116 138] [10 24 37] [17 33 39] [57 90 114] [16 33 49] [16 41 49] [55 84 88] [16 33 49] [27 49 56] [41 82 90]]
[[27 49 56] [86 116 138] [255 255 255] [24 41 57] [66 90 118] [255 255 255] [17 33 39] [33 56 70] [137 169 200] [10 24 37] [24 41 57] [74 123 146] [10 24 37] [16 33 49] [57 90 114] [17 33 39] [16 33 49] [41 82 90] [16 33 49] [27 49 56] [41 74 97]]
[[33 56 70] [86 116 138] [255 255 255] [24 41 57] [66 90 118] [255 255 255] [17 33 39] [33 57 87] [135 187 202] [10 24 37] [27 49 56] [74 132 153] [17 33 39] [16 33 49] [54 99 120] [17 33 39] [16 33 49] [52 83 105] [16 33 49] [27 49 56] [41 82 90]]
[[24 49 72] [86 116 138] [255 255 255] [24 41 57] [66 90 118] [255 255 255] [16 33 49] [33 56 70] [135 187 202] [10 24 37] [24 49 72] [85 136 151] [10 24 37] [16 33 49] [69 101 122] [16 33 49] [16 33 49] [52 83 105] [16 33 49] [24 49 72] [41 74 97]]
[[24 49 72] [86 116 138] [255 255 255] [24 41 57] [79 107 119] [255 255 255] [16 33 49] [44 57 59] [153 187 217] [10 24 37] [24 49 72] [85 136 151] [17 33 39] [16 33 49] [57 99 132] [10 24 37] [16 33 49] [52 83 105] [16 33 49] [24 49 72] [41 82 90]]
[[24 49 72] [86 116 138] [255 255 255] [24 49 72] [82 107 136] [255 255 255] [16 33 49] [33 57 87] [153 187 217] [17 33 39] [27 49 56] [104 136 167] [10 24 37] [16 41 57] [69 101 122] [16 33 49] [16 33 49] [52 83 105] [16 33 49] [24 49 72] [41 74 97]]
[[33 56 70] [88 119 150] [255 255 255] [24 49 72] [86 116 138] [255 255 255] [16 33 49] [41 66 99] [142 205 209] [10 24 37] [33 56 70] [100 140 178] [10 24 37] [16 33 57] [57 107 130] [10 24 37] [24 33 49] [52 83 105] [16 33 49] [24 49 72] [41 74 97]]
[[33 56 70] [86 116 138] [255 255 255] [24 49 72] [82 107 136] [255 255 255] [24 33 49] [35 66 89] [147 207 242] [10 24 37] [24 49 72] [88 149 170] [17 33 39] [16 41 57] [71 102 134] [17 33 39] [16 33 57] [49 90 113] [16 33 49] [27 49 56] [41 74 97]]
[[33 56 70] [88 119 150] [255 255 255] [24 49 72] [86 116 138] [255 255 255] [16 33 57] [41 66 99] [147 207 242] [16 33 49] [24 49 82] [88 149 170] [10 24 37] [24 41 57] [67 107 145] [17 33 39] [16 41 57] [49 90 113] [16 33 49] [24 49 72] [41 74 97]]
[[33 57 87] [99 123 150] [255 255 255] [24 49 72] [86 116 138] [255 255 255] [16 41 57] [41 66 99] [179 212 238] [16 33 49] [33 56 70] [102 152 185] [10 24 37] [16 41 57] [67 107 145] [16 33 49] [24 41 57] [49 90 113] [16 33 49] [24 49 72] [41 74 97]]
[[33 56 70] [88 119 150] [255 255 255] [24 49 72] [99 123 150] [255 255 255] [16 41 57] [48 73 85] [179 212 238] [16 33 49] [33 57 87] [102 152 185] [10 24 37] [24 41 57] [67 107 145] [16 33 49] [16 41 57] [49 90 113] [16 33 49] [24 49 72] [41 74 97]]
[[33 57 87] [99 123 150] [255 255 255] [24 49 72] [103 133 154] [255 255 255] [16 41 57] [55 84 88] [159 226 251] [16 33 49] [33 57 87] [102 152 185] [10 24 37] [24 41 57] [67 107 145] [16 33 49] [24 41 57] [57 90 114] [16 33 57] [27 49 56] [41 74 97]]
[[33 57 87] [88 119 150] [255 255 255] [24 49 72] [103 133 154] [255 255 255] [24 41 57] [49 74 104] [178 239 253] [16 33 49] [33 57 87] [102 152 185] [16 33 49] [24 41 57] [66 115 148] [16 33 49] [16 41 57] [49 90 123] [16 33 49] [24 49 72] [41 74 97]]
[[33 57 87] [88 119 150] [247 255 255] [33 56 70] [115 140 167] [255 255 255] [16 41 57] [52 83 105] [179 212 238] [16 33 49] [33 57 87] [103 155 200] [17 33 39] [24 41 57] [66 115 148] [16 33 49] [16 41 57] [54 99 120] [16 33 49] [24 49 72] [41 74 107]]
[[33 56 70] [88 119 150] [235 254 255] [33 56 70] [114 139 153] [255 255 255] [24 41 57] [52 83 105] [201 233 253] [16 33 49] [33 57 87] [104 167 185] [10 24 37] [24 49 72] [66 115 148] [16 33 49] [16 41 57] [54 99 120] [16 33 49] [24 49 72] [41 74 107]]
[[35 66 89] [77 123 158] [219 252 255] [24 49 82] [115 140 167] [255 255 255] [17 41 66] [52 83 105] [178 239 253] [16 33 49] [35 66 89] [103 155 200] [10 24 37] [24 41 57] [77 123 158] [16 33 49] [16 41 57] [57 90 125] [16 33 49] [24 49 72] [41 74 107]]
[[33 57 87] [88 119 150] [219 252 255] [24 49 72] [121 148 172] [255 255 255] [24 41 57] [66 90 118] [201 233 253] [16 33 49] [35 66 89] [102 168 202] [10 24 37] [24 49 72] [77 123 158] [16 33 49] [24 41 57] [54 99 120] [16 33 57] [24 49 72] [41 74 97]]
[[33 57 87] [77 123 158] [198 253 255] [33 56 70] [121 148 172] [255 255 255] [17 41 66] [66 90 118] [178 239 253] [16 33 49] [35 66 89] [102 168 202] [16 33 49] [24 41 57] [77 123 158] [16 33 49] [17 41 66] [54 99 120] [16 33 49] [24 49 72] [41 82 106]]
[[33 57 87] [77 123 158] [201 233 253] [24 49 82] [119 153 184] [255 255 255] [24 41 57] [69 101 122] [201 233 253] [16 33 57] [41 66 99] [102 168 202] [10 24 37] [24 49 72] [77 123 158] [16 33 49] [17 41 66] [54 99 120] [16 41 49] [24 49 72] [41 82 106]]
[[35 66 89] [88 119 150] [178 239 253] [33 56 70] [121 148 172] [255 255 255] [17 41 66] [79 107 119] [178 239 253] [16 33 57] [35 66 89] [106 171 213] [16 33 49] [24 49 72] [77 123 158] [16 33 49] [24 41 57] [57 99 132] [16 33 49] [24 49 72] [41 82 106]]
[[33 57 87] [77 123 158] [178 239 253] [33 57 87] [119 153 184] [255 255 255] [17 41 66] [82 107 136] [201 233 253] [16 41 57] [41 66 99] [107 181 203] [17 33 39] [24 49 72] [77 123 158] [16 33 49] [24 49 72] [57 99 132] [16 41 49] [24 49 72] [41 82 106]]
[[35 66 89] [74 115 148] [179 212 238] [24 57 81] [133 156 180] [255 255 255] [24 41 57] [86 116 138] [198 253 255] [16 41 57] [49 74 104] [106 171 213] [16 33 49] [24 49 72] [73 132 169] [16 33 49] [24 41 57] [57 99 132] [16 33 57] [24 49 72] [41 74 107]]
[[35 66 89] [88 119 150] [147 207 242] [33 57 87] [138 165 188] [255 255 255] [24 49 72] [86 116 138] [201 233 253] [24 41 57] [49 74 104] [118 172 214] [16 33 49] [24 49 72] [73 132 169] [16 33 49] [24 41 57] [57 107 130] [16 33 49] [24 49 72] [41 82 106]]
[[35 66 89] [74 115 148] [147 207 242] [33 56 70] [119 153 184] [255 255 255] [24 41 57] [99 123 150] [178 239 253] [16 33 57] [49 74 104] [118 172 214] [16 33 49] [24 49 72] [73 132 169] [16 33 49] [24 41 57] [57 99 141] [16 33 49] [24 49 72] [41 82 106]]
[[35 66 89] [74 115 148] [147 207 242] [33 57 87] [133 156 180] [255 255 255] [24 49 72] [99 123 150] [178 239 253] [16 41 57] [49 82 115] [118 172 214] [16 33 49] [33 56 70] [73 132 169] [16 33 49] [24 41 57] [57 99 132] [16 41 57] [24 49 72] [41 82 106]]
[[35 66 89] [74 115 148] [147 207 242] [33 57 87] [138 165 188] [255 255 255] [24 49 72] [103 133 154] [178 239 253] [24 41 57] [52 83 105] [118 172 214] [16 33 49] [24 49 82] [73 132 169] [16 33 49] [17 41 66] [57 107 130] [16 33 49] [24 49 72] [41 74 107]]
[[35 66 89] [74 115 148] [135 193 233] [33 57 87] [138 165 188] [255 255 255] [24 49 72] [115 140 167] [178 239 253] [17 41 66] [57 82 115] [118 172 214] [16 33 49] [24 57 81] [73 132 169] [16 33 49] [24 49 72] [57 107 140] [16 33 57] [24 49 72] [41 82 106]]
[[35 66 89] [74 115 148] [135 193 233] [33 57 87] [119 153 184] [247 255 255] [24 49 72] [121 148 172] [178 239 253] [17 41 66] [57 90 114] [118 172 214] [16 33 49] [33 56 70] [84 137 169] [16 33 57] [24 49 72] [57 107 140] [16 41 57] [24 49 72] [41 82 106]]
[[35 66 89] [66 115 148] [135 183 218] [33 57 87] [133 156 180] [235 254 255] [24 49 72] [138 165 188] [178 239 253] [17 41 66] [66 90 118] [118 184 218] [16 33 57] [33 57 87] [84 137 169] [16 33 49] [24 49 72] [57 107 140] [16 41 57] [24 49 72] [41 82 115]]
[[35 66 89] [67 107 145] [122 187 229] [33 57 87] [119 153 184] [219 252 255] [24 49 72] [148 170 188] [178 239 253] [24 41 57] [66 90 118] [118 172 214] [16 33 49] [33 57 87] [73 132 169] [16 33 49] [24 49 72] [57 107 140] [16 33 57] [24 49 72] [41 82 106]]
[[35 66 89] [67 107 145] [118 172 214] [33 57 87] [119 153 184] [219 252 255] [33 56 70] [154 181 204] [179 212 238] [24 41 57] [66 90 132] [118 184 218] [16 33 49] [24 57 81] [84 137 169] [16 33 57] [24 49 72] [57 107 140] [16 41 57] [24 49 72] [41 82 115]]
[[41 66 99] [67 107 145] [118 172 214] [33 57 87] [119 153 184] [198 253 255] [33 56 70] [167 188 211] [179 212 238] [17 41 66] [69 101 122] [118 172 214] [16 41 57] [33 57 87] [84 139 183] [16 33 49] [24 49 72] [57 107 149] [16 41 57] [24 49 72] [41 82 106]]
[[35 66 89] [67 107 145] [118 172 214] [35 66 89] [119 153 184] [198 253 255] [24 49 72] [179 212 238] [159 226 251] [24 49 72] [71 102 134] [118 172 214] [16 33 57] [33 57 87] [84 139 183] [16 33 57] [24 49 72] [67 107 145] [16 41 57] [24 57 81] [41 82 115]]
[[41 66 99] [67 107 145] [106 171 213] [33 57 87] [119 153 184] [178 239 253] [24 49 82] [199 220 242] [147 207 242] [24 49 72] [82 107 136] [106 171 213] [16 41 57] [35 66 89] [84 139 183] [16 33 57] [24 49 72] [66 115 148] [16 41 57] [24 49 72] [49 82 115]]
[[35 66 89] [67 107 145] [103 155 200] [35 66 89] [121 148 172] [178 239 253] [24 49 82] [217 236 253] [159 226 251] [24 49 72] [82 107 136] [118 172 214] [16 33 57] [35 66 89] [73 132 169] [16 33 57] [24 49 72] [57 107 149] [16 41 57] [24 49 72] [41 82 115]]
[[35 66 89] [57 99 132] [102 168 202] [35 66 89] [100 140 178] [178 239 253] [33 56 70] [219 252 255] [147 207 242] [24 49 72] [86 116 138] [118 172 214] [16 33 57] [35 66 89] [84 139 183] [16 41 57] [24 57 81] [66 115 148] [24 41 57] [24 49 72] [49 82 115]]
[[35 66 89] [57 99 141] [103 155 200] [35 66 89] [100 140 178] [159 226 251] [33 56 70] [247 255 255] [147 207 242] [24 49 72] [88 119 150] [106 171 213] [24 41 57] [35 66 89] [84 139 183] [16 41 57] [24 57 81] [66 115 148] [16 41 57] [24 49 72] [41 82 115]]
[[35 66 89] [57 99 141] [103 155 200] [35 66 89] [100 140 178] [159 226 251] [33 56 70] [255 255 255] [147 207 242] [24 49 72] [99 123 150] [106 171 213] [17 41 66] [35 66 89] [84 139 183] [16 41 57] [24 49 82] [66 115 148] [16 41 57] [24 49 82] [49 90 113]]
[[41 66 99] [57 99 141] [103 155 200] [35 66 89] [104 136 167] [147 207 242] [33 56 70] [255 255 255] [135 193 233] [24 49 72] [103 133 154] [106 171 213] [16 41 57] [35 66 89] [84 139 183] [16 41 57] [33 56 70] [66 115 157] [24 41 57] [24 49 82] [49 82 115]]
[[35 66 89] [57 99 132] [89 154 195] [33 57 87] [104 136 167] [147 207 242] [33 57 87] [255 255 255] [135 193 233] [33 56 70] [103 133 154] [106 171 213] [17 41 66] [41 66 99] [84 139 183] [24 41 57] [24 49 82] [66 115 148] [17 41 66] [24 49 82] [41 82 115]]
[[41 66 99] [57 99 141] [103 155 200] [33 57 87] [104 136 167] [135 193 233] [33 57 87] [255 255 255] [122 187 229] [33 56 70] [115 140 167] [106 171 213] [17 41 66] [41 66 99] [84 139 183] [24 41 57] [33 57 87] [66 115 157] [17 41 66] [24 57 81] [41 82 115]]
[[35 66 89] [57 99 132] [84 139 183] [35 66 89] [99 123 150] [135 193 233] [33 57 87] [255 255 255] [122 187 229] [24 49 72] [115 140 167] [106 171 213] [24 41 57] [41 66 99] [84 139 183] [24 41 57] [33 57 87] [66 115 157] [24 41 57] [24 57 81] [49 82 115]]
[[33 66 99] [57 99 132] [86 150 185] [35 66 89] [104 136 167] [122 187 229] [33 57 87] [255 255 255] [122 187 229] [33 56 70] [121 148 172] [106 171 213] [17 41 66] [41 74 97] [84 139 183] [24 41 57] [33 57 87] [66 123 156] [17 41 66] [33 57 87] [49 90 123]]
[[35 66 89] [57 99 132] [84 139 183] [35 66 89] [84 137 169] [122 187 229] [35 66 89] [255 255 255] [122 187 229] [33 57 87] [119 153 184] [102 168 202] [17 41 66] [41 74 97] [84 139 183] [24 41 57] [24 57 81] [66 123 156] [17 41 66] [33 57 87] [49 82 115]]
[[41 66 99] [49 90 132] [84 139 183] [35 66 89] [104 136 167] [122 187 229] [35 66 89] [255 255 255] [118 172 214] [33 57 87] [133 156 180] [102 168 202] [17 41 66] [41 74 107] [84 139 183] [24 41 57] [24 57 90] [66 115 157] [24 41 57] [24 57 81] [49 90 123]]
[[41 66 99] [57 90 125] [73 132 169] [41 66 99] [77 123 158] [122 187 229] [33 57 87] [255 255 255] [106 171 213] [33 57 87] [137 169 200] [103 155 200] [24 49 72] [49 74 104] [84 139 183] [24 49 72] [33 57 87] [66 115 157] [24 49 72] [24 57 81] [49 82 115]]
[[35 66 89] [57 90 125] [74 138 178] [41 66 99] [76 115 157] [106 171 213] [35 66 89] [255 255 255] [118 172 214] [33 56 70] [138 165 188] [103 155 200] [24 49 72] [49 82 115] [84 139 183] [17 41 66] [24 57 90] [66 115 157] [17 41 66] [24 57 81] [49 90 123]]
[[35 66 89] [49 90 132] [84 139 183] [35 66 89] [74 115 148] [106 171 213] [41 66 99] [255 255 255] [106 171 213] [33 57 87] [149 173 199] [103 155 200] [17 41 66] [49 74 104] [74 138 178] [17 41 66] [33 57 87] [66 115 157] [24 49 72] [33 57 87] [49 90 123]]
[[35 66 89] [49 90 123] [73 132 169] [41 66 99] [82 107 148] [106 171 213] [35 66 89] [255 255 255] [106 171 213] [33 57 87] [137 169 200] [103 155 200] [24 49 72] [49 82 115] [74 138 178] [17 41 66] [33 57 87] [66 115 157] [17 41 66] [33 57 87] [49 90 123]]
[[35 66 89] [49 90 123] [73 132 169] [41 66 99] [74 115 148] [106 171 213] [35 66 89] [255 255 255] [106 171 213] [35 66 89] [149 173 199] [89 154 195] [24 49 72] [49 82 115] [74 138 178] [24 49 72] [35 66 89] [66 123 156] [24 49 72] [24 57 90] [49 90 123]]
[[41 66 99] [49 90 123] [73 132 169] [35 66 89] [67 107 145] [103 155 200] [41 66 99] [255 255 255] [106 171 213] [35 66 89] [149 173 199] [89 154 195] [24 49 72] [57 82 115] [74 138 178] [24 49 72] [35 66 89] [66 115 157] [24 49 72] [33 57 87] [49 90 123]]
[[41 66 99] [49 90 123] [70 123 166] [41 66 99] [67 107 145] [90 165 201] [35 66 89] [255 255 255] [103 155 200] [48 73 85] [154 181 204] [89 154 195] [24 49 82] [57 90 114] [74 138 178] [24 49 72] [33 57 87] [66 123 156] [24 49 72] [33 57 87] [49 90 123]]
[[41 66 99] [49 90 123] [70 123 166] [41 66 99] [71 102 134] [89 154 195] [41 66 99] [235 254 255] [103 155 200] [41 66 99] [154 181 204] [89 154 195] [24 49 82] [57 82 115] [84 139 183] [24 49 72] [35 66 89] [66 123 156] [24 49 72] [24 57 90] [49 90 132]]
[[33 66 99] [49 90 123] [70 123 166] [35 66 89] [71 102 134] [89 154 195] [41 66 99] [219 252 255] [89 154 195] [49 74 104] [154 181 204] [89 154 195] [33 56 70] [57 90 114] [73 132 169] [24 49 72] [35 66 89] [66 123 156] [24 49 72] [33 57 87] [49 90 132]]
[[35 66 89] [49 90 123] [70 123 166] [41 74 97] [71 102 134] [89 154 195] [41 74 97] [217 236 253] [89 154 195] [49 74 104] [149 173 199] [89 154 195] [33 56 70] [57 90 125] [73 132 169] [24 49 72] [33 66 99] [66 115 157] [24 49 72] [24 66 90] [49 90 123]]
[[35 66 89] [49 82 123] [70 123 166] [41 74 97] [71 102 134] [89 154 195] [41 74 97] [199 220 242] [89 154 195] [49 74 104] [149 173 199] [84 139 183] [33 57 87] [57 90 125] [73 132 169] [24 49 72] [35 66 89] [66 115 157] [24 49 72] [33 66 99] [49 90 123]]
[[41 66 99] [41 82 123] [70 123 166] [41 66 99] [71 102 134] [86 150 185] [41 74 97] [179 212 238] [84 139 183] [52 83 105] [149 173 199] [89 154 195] [33 56 70] [57 90 114] [73 132 169] [24 49 82] [33 66 99] [66 123 156] [24 49 72] [35 66 89] [49 90 123]]
[[35 66 89] [49 90 123] [66 115 157] [41 66 99] [57 99 132] [89 154 195] [49 74 104] [175 202 218] [89 154 195] [57 82 115] [137 169 200] [84 139 183] [33 56 70] [57 90 125] [73 132 169] [24 49 72] [33 66 99] [66 115 157] [24 49 72] [35 66 89] [49 90 132]]
[[41 66 99] [41 82 123] [66 115 157] [41 66 99] [57 99 132] [84 139 183] [49 74 104] [167 188 211] [86 150 185] [57 82 115] [138 165 188] [84 139 183] [33 57 87] [66 90 118] [73 132 169] [24 49 82] [33 66 99] [66 115 157] [24 49 82] [33 66 99] [49 90 123]]
[[33 66 99] [49 82 123] [66 115 157] [41 66 99] [57 90 125] [84 139 183] [49 74 104] [154 181 204] [84 139 183] [57 90 114] [133 156 180] [84 139 183] [33 57 87] [57 90 125] [73 132 169] [24 49 82] [33 66 99] [66 115 157] [24 49 82] [33 66 99] [49 90 132]]
[[33 66 99] [41 82 115] [66 115 157] [41 66 99] [57 90 125] [84 139 183] [49 74 104] [149 173 199] [84 139 183] [66 90 118] [133 156 180] [74 138 178] [35 66 89] [57 90 125] [70 123 166] [24 57 81] [33 66 99] [66 115 157] [24 49 72] [35 66 89] [49 90 123]]
[[33 66 99] [41 82 115] [66 115 157] [41 66 99] [57 90 125] [84 139 183] [52 83 105] [138 165 188] [84 139 183] [66 90 118] [119 153 184] [74 138 178] [35 66 89] [57 90 125] [70 123 166] [24 57 81] [33 66 99] [66 115 157] [24 49 82] [33 66 99] [49 90 123]]
[[33 66 99] [49 82 115] [57 107 149] [41 66 99] [49 90 123] [73 132 169] [52 83 105] [133 156 180] [74 138 178] [69 101 122] [121 148 172] [73 132 169] [33 57 87] [57 99 132] [70 123 166] [33 56 70] [41 66 99] [66 115 157] [24 49 82] [33 66 99] [49 99 132]]
[[41 66 99] [49 82 115] [66 115 157] [41 66 99] [49 90 123] [73 132 169] [57 82 115] [121 148 172] [74 138 178] [71 102 134] [100 140 178] [74 138 178] [41 66 99] [66 90 132] [70 123 166] [24 57 90] [33 66 99] [66 115 157] [24 57 81] [33 66 99] [49 90 132]]
[[41 66 99] [41 82 115] [57 107 149] [41 66 99] [49 90 123] [73 132 169] [52 83 105] [115 140 167] [73 132 169] [82 107 136] [104 136 167] [73 132 169] [35 66 89] [57 90 125] [70 123 166] [33 57 87] [33 66 99] [66 115 157] [24 57 81] [33 66 99] [49 90 123]]
[[35 66 89] [41 82 115] [57 107 149] [41 74 97] [49 82 115] [73 132 169] [57 82 115] [104 136 167] [73 132 169] [86 116 138] [103 133 154] [73 132 169] [41 66 99] [69 101 122] [70 123 166] [24 57 81] [41 66 99] [66 115 148] [24 57 81] [33 66 99] [49 90 132]]
[[35 66 89] [41 82 115] [57 107 149] [41 66 99] [49 82 115] [70 123 166] [57 82 115] [99 123 150] [73 132 169] [86 116 138] [104 136 167] [73 132 169] [41 74 97] [66 90 118] [66 123 156] [24 57 81] [33 66 99] [66 115 148] [24 57 81] [33 66 99] [49 90 132]]
[[35 66 89] [41 74 115] [57 107 140] [41 74 97] [49 82 115] [70 123 166] [57 90 114] [88 119 150] [70 123 166] [99 123 150] [99 123 150] [70 123 166] [41 66 99] [66 90 132] [66 123 156] [33 57 87] [41 66 99] [66 115 157] [24 57 81] [33 66 99] [57 99 132]]
[[35 66 89] [41 74 115] [57 107 140] [41 66 99] [49 82 115] [70 123 166] [57 90 114] [88 119 150] [70 123 166] [103 133 154] [88 119 150] [70 123 166] [41 74 97] [57 90 125] [66 123 156] [33 57 87] [41 66 99] [66 115 157] [33 57 87] [33 66 99] [49 90 132]]
[[35 66 89] [41 74 107] [57 107 140] [41 74 107] [49 82 115] [70 123 166] [66 90 118] [86 116 138] [66 123 156] [114 139 153] [88 119 150] [70 123 166] [49 74 104] [57 90 125] [66 115 157] [35 66 89] [33 66 99] [57 115 151] [33 57 87] [33 66 99] [49 99 132]]
[[33 66 99] [41 74 115] [57 99 141] [41 66 99] [49 82 115] [66 123 156] [66 90 118] [86 116 138] [66 123 156] [115 140 167] [82 107 148] [66 123 156] [49 74 104] [57 90 125] [66 115 157] [35 66 89] [41 74 107] [57 115 151] [33 57 87] [33 66 99] [49 90 132]]
[[35 66 89] [41 74 107] [57 99 141] [41 74 97] [49 82 115] [66 123 156] [66 90 118] [82 107 136] [66 115 157] [133 156 180] [82 107 136] [70 123 166] [49 74 104] [66 90 118] [66 115 157] [33 57 87] [41 66 99] [66 115 148] [33 57 87] [33 66 99] [49 99 132]]
[[33 66 99] [41 74 107] [57 99 141] [41 74 97] [49 82 115] [66 115 157] [66 90 118] [71 102 134] [66 115 157] [133 156 180] [71 102 134] [66 123 156] [57 82 115] [66 90 118] [66 115 148] [33 57 87] [33 66 99] [66 115 148] [33 57 87] [33 66 99] [49 99 132]]
[[41 66 99] [41 74 107] [57 99 141] [41 66 99] [41 74 107] [66 115 157] [69 101 122] [71 102 134] [66 115 157] [148 170 188] [71 102 134] [66 115 157] [52 83 105] [57 90 125] [57 115 151] [35 66 89] [33 66 99] [57 107 149] [35 66 89] [33 66 99] [49 99 132]]
[[33 66 99] [41 74 107] [57 99 141] [41 74 97] [41 74 107] [66 115 157] [69 101 122] [57 90 125] [66 115 157] [154 181 204] [71 102 134] [66 115 157] [52 83 105] [57 90 114] [57 107 149] [35 66 89] [33 74 99] [57 107 149] [33 57 87] [33 74 99] [49 90 132]]
[[33 66 99] [41 74 107] [57 99 141] [41 66 99] [41 74 107] [66 115 148] [66 90 132] [66 90 132] [66 115 157] [167 188 211] [57 99 132] [66 115 157] [57 82 115] [57 82 115] [57 107 149] [35 66 89] [33 66 99] [57 107 149] [33 66 99] [33 66 99] [49 99 132]]
[[41 66 99] [41 74 107] [57 99 132] [41 66 99] [41 74 107] [66 115 148] [71 102 134] [57 90 125] [57 115 151] [175 202 218] [57 90 125] [66 115 148] [57 90 114] [57 82 115] [57 107 149] [35 66 89] [41 66 99] [67 107 145] [35 66 89] [33 66 99] [49 99 132]]
[[35 66 89] [41 74 107] [49 99 140] [41 74 97] [41 74 107] [67 107 145] [71 102 134] [57 90 125] [57 115 151] [199 220 242] [57 90 125] [57 115 151] [66 90 118] [57 82 115] [57 107 149] [41 66 99] [41 66 99] [57 107 140] [33 57 87] [41 74 107] [49 99 132]]
[[41 66 99] [33 74 107] [49 99 132] [41 66 99] [41 74 107] [57 107 149] [71 102 134] [57 82 115] [67 107 145] [199 220 242] [57 90 125] [57 115 151] [66 90 118] [57 82 115] [57 107 149] [41 66 99] [41 66 99] [57 107 140] [33 57 87] [33 66 99] [49 90 132]]
[[33 66 99] [41 74 107] [57 99 132] [41 66 99] [41 66 99] [57 107 149] [82 107 136] [57 82 115] [57 107 149] [217 236 253] [57 82 115] [67 107 145] [69 101 122] [49 82 115] [57 107 140] [41 66 99] [33 66 99] [57 107 140] [35 66 89] [33 66 99] [49 90 132]]
[[33 66 99] [41 74 107] [49 99 132] [41 66 99] [41 74 107] [67 107 145] [82 107 136] [57 82 115] [57 107 140] [231 239 247] [49 82 115] [57 107 149] [66 90 132] [49 82 115] [57 107 140] [41 66 99] [41 74 107] [57 107 140] [33 66 99] [33 66 99] [49 90 123]]
[[35 66 89] [33 74 107] [49 99 132] [41 74 107] [41 66 99] [57 107 149] [82 107 136] [49 82 115] [57 107 140] [235 254 255] [49 82 115] [57 107 149] [69 101 122] [49 82 115] [57 99 141] [41 66 99] [33 66 99] [57 107 140] [33 57 87] [33 66 99] [49 90 132]]
[[33 66 99] [33 74 107] [49 99 132] [41 74 107] [41 74 107] [57 107 140] [82 107 136] [49 74 104] [57 107 140] [235 254 255] [49 82 115] [57 107 140] [69 101 122] [49 74 104] [57 107 140] [41 66 99] [41 74 107] [57 107 140] [35 66 89] [33 66 99] [49 90 132]]
[[33 66 99] [33 66 99] [49 99 132] [41 74 107] [41 66 99] [57 107 140] [82 107 136] [49 82 115] [57 99 141] [247 255 255] [49 82 115] [57 107 140] [71 102 134] [49 82 115] [57 99 141] [41 66 99] [41 66 99] [57 99 141] [35 66 89] [33 66 99] [49 90 132]]
[[35 66 89] [33 74 107] [49 90 132] [41 74 97] [33 66 99] [57 99 141] [82 107 136] [49 74 104] [57 99 141] [255 255 255] [49 82 115] [57 107 140] [82 107 136] [41 74 107] [49 99 140] [41 74 107] [33 66 99] [57 99 141] [33 66 99] [33 66 99] [49 90 123]]
[[35 66 89] [33 66 99] [49 90 132] [41 66 99] [33 66 99] [57 99 141] [82 107 136] [41 74 107] [57 99 141] [255 255 255] [49 74 104] [57 107 140] [82 107 136] [41 74 107] [57 99 141] [41 66 99] [41 66 99] [57 107 140] [35 66 89] [33 66 99] [49 90 123]]
[[33 66 99] [33 74 107] [49 90 132] [41 74 107] [33 66 99] [57 99 141] [82 107 136] [41 74 107] [57 99 132] [255 255 255] [41 74 107] [57 99 141] [82 107 136] [41 74 107] [57 99 132] [41 74 107] [33 66 99] [57 99 141] [33 66 99] [33 66 99] [49 90 123]]
[[35 66 89] [33 66 99] [49 90 132] [41 66 99] [33 66 99] [57 99 141] [82 107 136] [41 74 107] [49 99 140] [255 255 255] [41 66 99] [49 99 140] [82 107 136] [41 74 107] [49 99 132] [41 66 99] [33 66 99] [57 99 132] [33 66 99] [33 66 99] [49 90 123]]
[[35 66 89] [41 66 99] [49 90 123] [41 66 99] [33 66 99] [49 99 140] [82 107 136] [41 74 107] [57 99 132] [255 255 255] [41 74 107] [57 99 132] [82 107 136] [41 74 97] [57 99 132] [41 66 99] [33 66 99] [57 99 141] [33 66 99] [33 66 99] [49 90 132]]
[[41 66 99] [33 66 99] [49 90 123] [41 74 107] [35 66 89] [57 99 141] [82 107 136] [41 66 99] [49 99 132] [247 255 255] [41 66 99] [57 99 132] [86 116 138] [41 66 99] [57 99 132] [41 74 107] [35 66 89] [49 99 132] [41 66 99] [41 66 99] [49 90 123]]
[[33 66 99] [33 66 99] [49 90 123] [41 66 99] [33 66 99] [49 99 132] [82 107 136] [41 66 99] [49 99 132] [235 254 255] [41 66 99] [49 99 132] [86 116 138] [41 66 99] [49 99 132] [41 74 107] [35 66 89] [57 99 132] [41 66 99] [33 66 99] [49 90 123]]
[[33 66 99] [33 66 99] [49 90 132] [41 74 107] [35 66 89] [57 99 132] [82 107 136] [41 66 99] [57 99 132] [231 239 247] [41 66 99] [57 99 132] [86 116 138] [41 66 99] [49 99 132] [41 66 99] [33 66 99] [49 99 132] [41 66 99] [33 66 99] [49 90 132]]
[[41 66 99] [41 66 99] [49 90 123] [41 74 97] [33 66 99] [49 99 132] [82 107 136] [41 66 99] [49 99 132] [247 255 255] [33 66 99] [57 99 132] [86 116 138] [41 66 99] [49 99 132] [41 74 97] [33 66 99] [49 99 132] [33 66 99] [33 66 99] [49 90 123]]
[[41 66 99] [33 66 99] [49 90 123] [41 66 99] [33 66 99] [57 99 132] [82 107 136] [41 74 97] [49 99 132] [247 255 255] [41 66 99] [49 99 132] [86 116 138] [41 66 99] [49 99 132] [41 74 97] [35 66 89] [49 99 132] [41 66 99] [33 66 99] [49 90 132]]
[[41 66 99] [33 66 99] [49 90 123] [41 74 97] [33 66 99] [57 99 141] [82 107 136] [41 66 99] [49 99 132] [255 255 255] [41 66 99] [57 99 132] [86 116 138] [41 74 97] [49 99 132] [41 74 107] [41 66 99] [49 99 132] [41 66 99] [33 66 99] [49 90 123]]
[[41 66 99] [33 66 99] [49 90 132] [41 66 99] [41 66 99] [57 99 141] [82 107 136] [41 74 107] [57 99 132] [255 255 255] [41 74 107] [57 99 141] [86 116 138] [41 74 97] [57 99 132] [41 66 99] [33 66 99] [57 99 141] [33 66 99] [33 66 99] [49 90 123]]
[[35 66 89] [41 66 99] [49 90 132] [41 66 99] [33 66 99] [57 99 141] [82 107 136] [41 74 107] [49 99 132] [255 255 255] [49 74 104] [57 99 141] [86 116 138] [49 74 104] [49 99 140] [41 74 107] [41 66 99] [57 99 132] [35 66 89] [33 66 99] [49 90 123]]
[[33 66 99] [33 66 99] [49 90 123] [41 74 107] [33 66 99] [57 107 140] [82 107 136] [49 74 104] [57 99 141] [255 255 255] [41 74 107] [57 107 140] [86 116 138] [41 74 107] [49 99 140] [41 74 107] [33 66 99] [57 99 141] [41 66 99] [33 66 99] [49 90 123]]
[[35 66 89] [33 66 99] [49 99 132] [41 66 99] [33 66 99] [57 107 140] [82 107 136] [41 74 107] [57 99 141] [255 255 255] [49 82 115] [57 107 140] [82 107 136] [41 74 107] [57 99 141] [41 66 99] [33 66 99] [57 99 141] [41 66 99] [33 74 107] [49 90 132]]
[[33 66 99] [33 66 99] [49 90 132] [41 66 99] [33 66 99] [57 107 140] [82 107 136] [49 74 104] [57 99 141] [247 255 255] [49 82 115] [57 107 140] [82 107 136] [49 82 115] [57 99 141] [41 74 107] [33 66 99] [57 107 140] [35 66 89] [33 66 99] [49 90 132]]
[[35 66 89] [33 66 99] [49 99 132] [41 66 99] [33 74 99] [57 107 140] [71 102 134] [49 74 104] [57 107 140] [247 255 255] [49 82 115] [57 107 149] [82 107 136] [52 83 105] [57 107 140] [41 74 107] [41 66 99] [57 107 140] [41 66 99] [33 66 99] [49 90 132]]
[[35 66 89] [41 66 99] [49 90 132] [41 66 99] [41 66 99] [57 107 140] [79 107 119] [49 82 115] [57 107 140] [235 254 255] [49 82 115] [57 107 140] [82 107 136] [49 82 115] [57 107 140] [41 66 99] [41 66 99] [57 107 140] [41 66 99] [33 66 99] [49 99 132]]
[[33 66 99] [33 74 99] [49 90 123] [41 66 99] [33 66 99] [57 107 149] [66 90 118] [49 82 115] [57 107 140] [231 239 247] [57 82 115] [57 107 149] [82 107 136] [49 82 115] [57 107 149] [41 74 107] [41 66 99] [67 107 145] [33 66 99] [33 74 107] [49 99 132]]
[[33 66 99] [33 66 99] [49 90 132] [41 66 99] [33 74 99] [57 107 149] [69 101 122] [49 82 115] [57 107 140] [217 236 253] [57 82 123] [57 107 149] [82 107 136] [57 82 115] [57 107 149] [41 74 107] [33 74 107] [57 107 149] [33 66 99] [41 74 107] [49 99 132]]
[[35 66 89] [33 66 99] [49 99 132] [41 66 99] [41 66 99] [57 107 140] [66 90 118] [57 82 115] [57 107 149] [199 220 242] [57 90 125] [66 115 148] [82 107 136] [57 90 114] [57 107 149] [41 74 107] [41 74 107] [67 107 145] [33 66 99] [41 74 107] [49 99 132]]
[[33 66 99] [33 66 99] [49 90 132] [35 66 89] [41 66 99] [57 107 149] [66 90 118] [57 82 115] [67 107 145] [179 212 238] [57 90 125] [66 115 148] [71 102 134] [57 90 125] [57 107 149] [41 66 99] [41 74 107] [57 107 149] [41 66 99] [33 74 107] [57 99 132]]
[[33 57 87] [33 66 99] [49 99 132] [41 66 99] [41 74 107] [67 107 145] [57 82 115] [57 90 114] [57 107 149] [175 202 218] [57 99 132] [57 115 151] [69 101 122] [66 90 132] [66 115 148] [41 66 99] [41 74 107] [66 115 148] [33 66 99] [33 74 107] [57 99 132]]
[[33 57 87] [33 66 99] [57 99 132] [35 66 89] [33 74 99] [66 115 148] [57 90 114] [57 82 115] [66 115 148] [167 188 211] [66 90 132] [66 115 157] [69 101 122] [69 101 122] [66 115 157] [41 66 99] [41 74 107] [66 115 148] [33 66 99] [41 74 107] [49 99 140]]
[[33 57 87] [33 66 99] [57 99 132] [35 66 89] [41 74 107] [67 107 145] [57 82 115] [57 82 115] [57 115 151] [154 181 204] [57 99 132] [66 115 157] [69 101 122] [71 102 134] [57 115 151] [41 66 99] [41 74 107] [57 115 151] [33 66 99] [41 74 107] [57 99 141]]
[[35 66 89] [33 66 99] [49 99 132] [35 66 89] [41 74 107] [57 107 149] [57 82 115] [57 90 125] [66 115 157] [148 170 188] [71 102 134] [66 115 157] [66 90 118] [71 102 134] [66 115 157] [41 66 99] [49 82 115] [66 115 157] [35 66 89] [41 74 107] [49 99 140]]
[[33 57 87] [33 66 99] [49 99 132] [35 66 89] [33 66 99] [66 115 157] [49 74 104] [66 90 118] [57 115 151] [138 165 188] [71 102 134] [66 123 156] [69 101 122] [71 102 134] [66 115 157] [41 74 97] [41 74 115] [66 115 157] [35 66 89] [41 74 107] [57 99 141]]
[[33 57 87] [41 66 99] [49 99 132] [33 57 87] [41 66 99] [66 115 148] [49 74 104] [57 90 125] [66 115 157] [133 156 180] [82 107 136] [70 123 166] [66 90 118] [67 107 145] [66 115 157] [41 74 97] [41 74 107] [66 115 157] [41 66 99] [41 74 107] [57 99 141]]
[[33 57 87] [33 66 99] [57 99 132] [33 57 87] [33 74 99] [57 115 151] [49 74 104] [57 90 125] [66 115 157] [121 148 172] [74 115 148] [70 123 166] [66 90 118] [74 115 148] [66 115 157] [41 66 99] [41 74 115] [66 115 157] [41 66 99] [41 74 115] [57 107 140]]
[[33 57 87] [33 66 99] [49 90 132] [33 57 87] [41 66 99] [66 115 148] [41 66 99] [57 90 125] [66 115 157] [115 140 167] [88 119 150] [70 123 166] [66 90 118] [74 115 148] [66 123 156] [41 74 107] [49 82 115] [70 123 166] [33 66 99] [41 82 106] [57 107 140]]
[[24 57 81] [33 66 99] [49 99 132] [33 57 87] [33 74 99] [66 115 157] [49 74 104] [66 90 118] [66 123 156] [103 133 154] [88 119 150] [70 123 166] [66 90 118] [88 119 150] [70 123 166] [41 66 99] [49 82 115] [70 123 166] [35 66 89] [41 74 107] [57 107 140]]
[[24 57 81] [33 66 99] [57 99 132] [33 57 87] [33 66 99] [66 115 157] [41 74 97] [57 90 125] [66 123 156] [99 123 150] [77 123 158] [73 132 169] [66 90 118] [99 123 150] [70 123 166] [41 74 97] [49 82 115] [70 123 166] [35 66 89] [41 74 107] [57 107 140]]
[[33 57 87] [33 66 99] [49 90 132] [33 57 87] [33 66 99] [66 115 157] [41 66 99] [57 90 125] [70 123 166] [99 123 150] [104 136 167] [73 132 169] [57 90 114] [104 136 167] [73 132 169] [41 66 99] [49 90 123] [70 123 166] [41 66 99] [41 82 115] [57 107 149]]
[[24 57 81] [33 66 99] [49 99 132] [24 57 81] [41 66 99] [66 115 148] [41 66 99] [66 90 118] [70 123 166] [86 116 138] [99 123 150] [73 132 169] [57 82 115] [115 140 167] [73 132 169] [41 74 97] [49 90 123] [70 123 166] [33 66 99] [41 74 115] [57 107 149]]
[[24 49 82] [33 66 99] [49 90 132] [24 57 81] [33 66 99] [66 115 157] [41 66 99] [57 99 132] [70 123 166] [82 107 136] [104 136 167] [73 132 169] [52 83 105] [100 140 178] [74 138 178] [41 66 99] [49 90 123] [73 132 169] [35 66 89] [41 74 115] [57 107 149]]
[[33 57 87] [33 66 99] [57 99 132] [24 57 90] [33 66 99] [66 115 157] [35 66 89] [57 90 125] [70 123 166] [79 107 119] [115 140 167] [84 139 183] [52 83 105] [121 148 172] [73 132 169] [41 66 99] [57 82 123] [73 132 169] [33 66 99] [41 82 115] [57 107 149]]
[[33 56 70] [35 66 89] [49 90 132] [24 57 81] [33 66 99] [66 115 157] [33 57 87] [66 90 118] [70 123 166] [71 102 134] [121 148 172] [84 139 183] [57 82 115] [119 153 184] [74 138 178] [41 66 99] [57 82 123] [73 132 169] [35 66 89] [41 82 115] [57 107 149]]
[[33 56 70] [33 66 99] [49 90 132] [24 57 90] [41 66 99] [66 115 157] [35 66 89] [57 90 125] [70 123 166] [66 90 118] [119 153 184] [74 138 178] [52 83 105] [138 165 188] [84 139 183] [41 66 99] [57 90 125] [74 138 178] [41 66 99] [41 82 115] [57 115 151]]
[[24 49 82] [35 66 89] [49 90 132] [33 56 70] [33 66 99] [66 115 157] [33 57 87] [57 90 125] [70 123 166] [66 90 118] [119 153 184] [84 139 183] [52 83 105] [149 173 199] [84 139 183] [41 66 99] [57 90 125] [84 139 183] [35 66 89] [49 82 115] [66 115 157]]
[[24 57 81] [33 66 99] [49 90 132] [33 56 70] [33 66 99] [66 115 157] [33 57 87] [57 90 125] [70 123 166] [57 90 114] [119 153 184] [84 139 183] [49 74 104] [154 181 204] [84 139 183] [41 66 99] [57 99 132] [84 139 183] [41 66 99] [49 82 123] [66 115 157]]
[[24 49 72] [33 66 99] [49 99 132] [24 49 82] [41 66 99] [66 123 156] [33 56 70] [66 90 118] [73 132 169] [52 83 105] [138 165 188] [84 139 183] [49 74 104] [175 202 218] [84 139 183] [41 66 99] [57 90 125] [84 139 183] [33 66 99] [49 82 115] [66 115 157]]
[[24 49 82] [33 66 99] [49 90 132] [24 49 72] [33 66 99] [66 123 156] [33 57 87] [66 90 118] [73 132 169] [52 83 105] [138 165 188] [86 150 185] [49 74 104] [179 212 238] [89 154 195] [35 66 89] [57 99 132] [84 139 183] [41 66 99] [49 82 115] [66 115 157]]
[[24 49 72] [33 66 99] [49 90 123] [24 49 82] [33 66 99] [66 123 156] [33 56 70] [57 90 125] [73 132 169] [49 74 104] [149 173 199] [86 150 185] [49 74 104] [199 220 242] [84 139 183] [41 74 97] [57 99 132] [89 154 195] [41 66 99] [41 82 123] [70 123 166]]
[[24 49 72] [35 66 89] [49 90 132] [24 49 72] [33 66 99] [66 115 157] [33 57 87] [57 82 115] [73 132 169] [49 74 104] [149 173 199] [89 154 195] [41 66 99] [199 220 242] [89 154 195] [41 66 99] [71 102 134] [89 154 195] [41 66 99] [49 90 123] [66 115 157]]
[[24 49 72] [33 66 99] [49 90 123] [24 49 72] [33 57 87] [66 123 156] [33 56 70] [57 82 115] [73 132 169] [48 73 85] [137 169 200] [89 154 195] [49 74 104] [217 236 253] [89 154 195] [41 66 99] [71 102 134] [89 154 195] [41 66 99] [49 90 123] [70 123 166]]
[[24 49 72] [35 66 89] [49 90 132] [24 49 72] [33 57 87] [66 123 156] [24 49 82] [57 82 123] [74 138 178] [41 66 99] [149 173 199] [84 139 183] [48 73 85] [235 254 255] [89 154 195] [41 66 99] [67 107 145] [89 154 195] [33 66 99] [49 90 123] [70 123 166]]
[[24 49 72] [33 57 87] [49 90 123] [24 49 72] [33 57 87] [66 123 156] [33 56 70] [57 82 115] [74 138 178] [41 66 99] [149 173 199] [89 154 195] [41 66 99] [235 254 255] [103 155 200] [41 66 99] [71 102 134] [103 155 200] [35 66 89] [49 82 123] [70 123 166]]
[[24 49 72] [24 57 90] [49 90 123] [24 49 72] [35 66 89] [66 123 156] [24 49 72] [57 90 114] [84 139 183] [41 66 99] [149 173 199] [89 154 195] [41 66 99] [255 255 255] [90 165 201] [35 66 89] [67 107 145] [90 165 201] [35 66 89] [49 90 123] [70 123 166]]
[[17 41 66] [24 66 90] [49 90 123] [17 41 66] [33 57 87] [66 123 156] [24 49 72] [49 82 115] [84 139 183] [35 66 89] [137 169 200] [103 155 200] [35 66 89] [255 255 255] [103 155 200] [35 66 89] [67 107 145] [103 155 200] [35 66 89] [49 90 123] [73 132 169]]
[[24 49 72] [24 66 90] [49 90 123] [17 41 66] [35 66 89] [66 123 156] [24 49 72] [49 82 115] [84 139 183] [41 66 99] [149 173 199] [90 165 201] [35 66 89] [255 255 255] [106 171 213] [41 66 99] [82 107 148] [106 171 213] [41 66 99] [49 90 123] [73 132 169]]
[[24 49 72] [24 57 90] [49 90 123] [24 41 57] [35 66 89] [66 115 157] [24 49 72] [49 74 104] [84 139 183] [35 66 89] [137 169 200] [90 165 201] [33 57 87] [255 255 255] [106 171 213] [41 66 99] [74 115 148] [106 171 213] [41 66 99] [57 90 125] [73 132 169]]
[[17 41 66] [24 57 81] [49 90 123] [24 41 57] [24 66 90] [66 123 156] [17 41 66] [49 74 104] [84 139 183] [33 57 87] [138 165 188] [103 155 200] [35 66 89] [255 255 255] [118 172 214] [35 66 89] [88 119 150] [106 171 213] [41 66 99] [57 90 125] [74 138 178]]
[[24 49 72] [33 57 87] [49 90 123] [24 41 57] [33 57 87] [66 115 157] [24 49 72] [49 74 104] [84 139 183] [33 56 70] [138 165 188] [106 171 213] [35 66 89] [255 255 255] [106 171 213] [35 66 89] [74 115 148] [118 184 218] [41 66 99] [49 90 132] [84 139 183]]
[[24 49 72] [24 57 90] [41 90 124] [17 41 66] [33 57 87] [66 115 157] [17 41 66] [49 74 104] [84 139 183] [33 57 87] [138 165 188] [103 155 200] [33 57 87] [255 255 255] [118 172 214] [35 66 89] [77 123 158] [122 187 229] [35 66 89] [57 90 125] [84 139 183]]
[[17 41 66] [24 57 81] [49 90 123] [24 41 57] [24 57 81] [66 115 157] [24 49 72] [41 74 107] [84 139 183] [33 57 87] [133 156 180] [102 168 202] [33 57 87] [255 255 255] [122 187 229] [35 66 89] [77 123 158] [122 187 229] [35 66 89] [49 90 132] [84 139 183]]
[[17 41 66] [24 57 81] [49 90 123] [17 41 66] [24 57 81] [66 123 156] [17 41 66] [41 74 107] [84 139 183] [33 57 87] [119 153 184] [102 168 202] [33 57 87] [255 255 255] [122 187 229] [41 66 99] [84 137 169] [122 187 229] [33 66 99] [57 90 125] [84 139 183]]
[[24 41 57] [24 57 81] [49 90 123] [24 41 57] [33 57 87] [66 115 157] [24 41 57] [41 74 107] [84 139 183] [33 57 87] [121 148 172] [106 171 213] [33 57 87] [255 255 255] [122 187 229] [35 66 89] [104 136 167] [135 193 233] [33 66 99] [57 99 132] [86 150 185]]
[[17 41 66] [33 57 87] [49 90 123] [16 41 57] [24 57 81] [66 115 157] [17 41 66] [41 66 99] [84 139 183] [33 56 70] [115 140 167] [106 171 213] [33 57 87] [255 255 255] [135 193 233] [33 57 87] [99 123 150] [135 193 233] [35 66 89] [57 99 132] [86 150 185]]
[[17 41 66] [24 49 82] [41 90 124] [17 41 66] [24 57 81] [66 115 157] [24 41 57] [41 66 99] [84 139 183] [33 56 70] [104 136 167] [106 171 213] [33 57 87] [255 255 255] [135 193 233] [33 57 87] [84 137 169] [147 207 242] [41 66 99] [57 99 132] [86 150 185]]
[[24 41 57] [24 57 90] [49 90 123] [24 41 57] [24 49 82] [66 115 157] [24 41 57] [35 66 89] [84 139 183] [24 49 72] [103 133 154] [106 171 213] [33 56 70] [255 255 255] [135 193 233] [33 57 87] [100 140 178] [147 207 242] [41 66 99] [57 99 132] [103 155 200]]
[[17 41 66] [24 57 81] [49 82 115] [17 41 66] [33 56 70] [66 115 157] [17 41 66] [35 66 89] [84 139 183] [24 49 72] [99 123 150] [118 172 214] [33 56 70] [255 255 255] [135 193 233] [35 66 89] [104 136 167] [147 207 242] [35 66 89] [57 99 141] [89 154 195]]
[[17 41 66] [24 49 72] [49 82 115] [24 41 57] [33 56 70] [66 115 148] [16 41 57] [41 66 99] [84 139 183] [33 56 70] [99 123 150] [106 171 213] [24 49 82] [255 255 255] [147 207 242] [35 66 89] [100 140 178] [147 207 242] [41 66 99] [57 99 141] [89 154 195]]
[[17 41 66] [24 57 81] [49 82 115] [16 41 57] [24 49 72] [66 115 157] [16 41 57] [41 66 99] [84 139 183] [24 49 72] [88 119 150] [118 172 214] [33 56 70] [247 255 255] [147 207 242] [35 66 89] [121 148 172] [159 226 251] [35 66 89] [57 99 141] [103 155 200]]
[[16 41 57] [24 57 81] [49 82 115] [16 33 57] [24 49 72] [66 115 148] [16 33 57] [33 57 87] [84 139 183] [24 49 72] [86 116 138] [106 171 213] [33 56 70] [235 254 255] [147 207 242] [35 66 89] [121 148 172] [159 226 251] [35 66 89] [67 107 145] [103 155 200]]
[[16 33 57] [24 49 72] [41 82 115] [16 33 57] [24 49 72] [66 115 148] [16 33 57] [33 57 87] [84 139 183] [24 41 57] [82 107 136] [118 184 218] [24 49 82] [217 236 253] [147 207 242] [33 57 87] [121 148 172] [178 239 253] [35 66 89] [67 107 145] [106 171 213]]
[[16 33 57] [24 49 72] [49 82 115] [16 33 57] [24 49 72] [66 115 148] [16 41 57] [33 57 87] [84 139 183] [24 49 72] [82 107 136] [106 171 213] [33 56 70] [199 220 242] [147 207 242] [35 66 89] [119 153 184] [178 239 253] [35 66 89] [67 107 145] [106 171 213]]
[[16 41 57] [24 57 81] [41 82 115] [16 41 57] [24 49 72] [67 107 145] [16 33 57] [33 57 87] [84 139 183] [24 49 72] [71 102 134] [118 172 214] [33 56 70] [201 216 209] [179 212 238] [33 57 87] [119 153 184] [198 253 255] [33 66 99] [67 107 145] [118 172 214]]
[[16 41 57] [24 49 72] [41 82 115] [16 33 57] [24 49 72] [66 115 148] [16 41 57] [33 57 87] [84 137 169] [24 49 72] [69 101 122] [106 171 213] [24 49 72] [167 188 211] [159 226 251] [33 57 87] [133 156 180] [198 253 255] [35 66 89] [67 107 145] [118 172 214]]
[[16 33 57] [24 49 82] [41 82 106] [16 41 49] [24 49 72] [67 107 145] [16 41 57] [33 57 87] [84 139 183] [24 49 72] [66 90 132] [118 172 214] [24 49 72] [154 181 204] [159 226 251] [33 57 87] [119 153 184] [198 253 255] [41 66 99] [67 107 145] [118 184 218]]
[[16 41 57] [24 57 81] [41 74 115] [16 33 57] [24 49 72] [67 107 145] [16 41 57] [33 57 87] [84 137 169] [17 41 66] [66 90 118] [118 184 218] [24 49 72] [148 170 188] [178 239 253] [33 57 87] [138 165 188] [235 254 255] [35 66 89] [74 115 148] [122 187 229]]
[[16 33 57] [24 57 81] [41 74 115] [16 33 49] [24 49 72] [67 107 145] [16 33 49] [33 57 87] [84 137 169] [17 41 66] [66 90 118] [118 184 218] [24 49 72] [133 156 180] [159 226 251] [33 57 87] [138 165 188] [235 254 255] [35 66 89] [74 115 148] [122 187 229]]
[[16 41 57] [24 49 72] [41 74 107] [16 33 57] [24 49 72] [57 107 140] [16 33 49] [24 57 81] [84 139 183] [17 41 66] [57 82 115] [118 184 218] [24 49 72] [121 148 172] [178 239 253] [33 57 87] [119 153 184] [247 255 255] [35 66 89] [74 115 148] [135 193 233]]
[[16 33 57] [24 49 72] [41 82 106] [16 33 49] [17 41 66] [57 107 140] [16 33 49] [33 57 87] [84 137 169] [17 41 66] [57 90 114] [118 172 214] [24 49 72] [115 140 167] [178 239 253] [33 57 87] [138 165 188] [255 255 255] [35 66 89] [74 115 148] [135 193 233]]
[[16 33 49] [24 49 72] [41 82 106] [16 33 49] [24 41 57] [57 107 140] [16 33 49] [33 56 70] [73 132 169] [17 41 66] [52 83 105] [118 184 218] [24 41 57] [104 136 167] [178 239 253] [33 56 70] [138 165 188] [255 255 255] [33 57 87] [74 115 148] [147 207 242]]
[[16 41 57] [24 49 72] [41 74 107] [16 33 49] [17 41 66] [57 99 141] [16 33 49] [33 56 70] [73 132 169] [16 41 57] [52 83 105] [118 172 214] [24 49 72] [99 123 150] [178 239 253] [33 57 87] [138 165 188] [255 255 255] [35 66 89] [74 115 148] [147 207 242]]
[[16 33 57] [24 49 72] [41 82 106] [16 33 49] [24 49 72] [57 107 140] [16 33 49] [24 49 72] [73 132 169] [16 33 57] [49 74 104] [118 172 214] [24 49 72] [99 123 150] [201 233 253] [24 57 81] [133 156 180] [255 255 255] [35 66 89] [74 115 148] [147 207 242]]
[[16 33 49] [24 49 72] [41 82 106] [16 33 49] [24 49 72] [57 107 130] [16 33 49] [24 49 72] [73 132 169] [16 41 57] [49 74 104] [118 172 214] [24 41 57] [86 116 138] [178 239 253] [33 56 70] [138 165 188] [255 255 255] [35 66 89] [76 115 157] [147 207 242]]
[[16 41 49] [24 49 72] [41 82 106] [16 33 49] [24 49 72] [57 99 132] [16 33 49] [24 49 72] [73 132 169] [24 41 57] [49 74 104] [106 171 213] [24 49 72] [82 107 136] [178 239 253] [33 56 70] [119 153 184] [255 255 255] [35 66 89] [88 119 150] [159 226 251]]
[[16 33 49] [24 49 72] [41 82 106] [16 33 49] [17 41 66] [57 107 130] [16 33 49] [24 49 72] [73 132 169] [24 33 49] [41 66 99] [118 172 214] [17 41 66] [82 107 136] [178 239 253] [33 56 70] [133 156 180] [255 255 255] [33 57 87] [88 119 150] [179 212 238]]
[[16 33 49] [24 49 72] [41 82 106] [16 33 49] [27 49 56] [57 99 132] [10 24 37] [24 49 72] [77 123 158] [16 33 49] [41 74 97] [119 167 202] [17 41 66] [71 102 134] [201 233 253] [24 49 82] [119 153 184] [255 255 255] [33 57 87] [74 115 148] [178 239 253]]
[[16 33 49] [24 49 72] [41 82 106] [16 33 49] [24 41 57] [57 99 132] [16 33 49] [24 41 57] [66 123 156] [16 33 49] [41 74 97] [119 167 202] [24 41 57] [69 101 122] [178 239 253] [24 49 82] [133 156 180] [255 255 255] [33 57 87] [77 123 158] [178 239 253]]
[[16 41 49] [24 49 72] [41 82 106] [16 33 49] [24 41 57] [57 99 132] [16 33 49] [24 49 72] [77 123 158] [16 33 57] [35 66 89] [119 167 202] [24 41 57] [66 90 118] [201 233 253] [33 56 70] [121 148 172] [255 255 255] [33 57 87] [77 123 158] [198 253 255]]
[[16 33 49] [24 49 72] [41 82 106] [10 24 37] [17 41 66] [54 99 120] [16 33 49] [24 49 72] [77 123 158] [16 33 49] [35 66 89] [102 168 202] [24 41 57] [66 90 118] [178 239 253] [24 49 72] [121 148 172] [255 255 255] [35 66 89] [99 123 150] [198 253 255]]
[[16 33 49] [24 49 72] [41 82 106] [10 24 37] [16 41 57] [54 99 120] [10 24 37] [24 41 57] [66 123 148] [16 33 49] [33 57 87] [104 167 185] [16 41 57] [66 90 118] [178 239 253] [24 49 72] [115 140 167] [255 255 255] [35 66 89] [77 123 158] [219 252 255]]
[[16 41 49] [24 49 72] [41 82 106] [16 33 49] [16 41 57] [54 99 120] [10 24 37] [24 41 57] [77 123 158] [16 33 49] [35 66 89] [119 167 202] [16 41 57] [52 83 105] [178 239 253] [33 56 70] [114 139 153] [255 255 255] [33 56 70] [88 119 150] [235 254 255]]
[[16 33 49] [24 49 72] [41 82 106] [16 33 49] [24 41 57] [54 99 120] [10 24 37] [24 41 57] [66 115 148] [16 33 49] [35 66 89] [103 155 200] [24 41 57] [52 83 105] [178 239 253] [33 56 70] [114 139 153] [255 255 255] [33 57 87] [77 123 158] [247 255 255]]
[[16 33 57] [24 49 72] [41 82 106] [10 24 37] [16 41 57] [49 90 123] [10 24 37] [17 41 66] [66 115 148] [16 33 49] [33 57 87] [102 152 185] [24 41 57] [49 74 104] [179 212 238] [24 49 72] [103 133 154] [255 255 255] [33 56 70] [88 119 150] [255 255 255]]
[[16 33 49] [24 49 72] [41 82 106] [16 33 49] [24 41 57] [49 90 123] [16 33 49] [24 41 57] [66 115 148] [16 33 49] [33 56 70] [102 152 185] [24 41 57] [49 74 104] [179 212 238] [24 49 72] [103 133 154] [255 255 255] [24 57 81] [77 123 158] [255 255 255]]
[[16 33 49] [24 49 72] [41 82 106] [16 33 49] [16 41 57] [49 90 123] [16 33 49] [16 41 57] [68 116 137] [16 33 49] [33 56 70] [102 152 185] [16 33 57] [49 74 104] [179 212 238] [24 49 72] [99 123 150] [255 255 255] [33 57 87] [88 119 150] [255 255 255]]
[[16 33 49] [27 49 56] [41 74 97] [16 33 49] [16 41 49] [49 90 113] [10 24 37] [16 41 57] [68 116 137] [16 33 49] [33 56 70] [88 149 170] [16 33 49] [41 74 97] [179 212 238] [24 49 72] [99 123 150] [255 255 255] [33 57 87] [88 119 150] [255 255 255]]
[[16 33 49] [24 49 72] [41 74 97] [17 33 39] [24 33 49] [49 90 113] [10 24 37] [24 41 57] [67 107 145] [16 33 49] [24 49 72] [88 149 170] [24 33 49] [41 66 99] [175 202 218] [17 41 66] [86 116 138] [255 255 255] [33 56 70] [88 119 150] [255 255 255]]
[[16 33 49] [24 49 72] [41 74 97] [16 33 49] [16 33 57] [49 90 113] [10 24 37] [16 41 49] [57 107 130] [10 24 37] [24 49 72] [88 149 170] [16 41 49] [41 66 99] [142 205 209] [24 49 72] [86 116 138] [255 255 255] [33 57 87] [88 119 150] [255 255 255]]
[[16 33 49] [27 49 56] [41 74 97] [16 33 49] [24 33 49] [52 83 105] [10 24 37] [16 41 57] [57 107 130] [16 33 49] [24 49 72] [88 149 170] [16 33 49] [39 66 71] [147 207 242] [24 49 72] [82 107 136] [255 255 255] [33 57 87] [88 119 150] [255 255 255]]
[[16 41 49] [24 49 72] [41 74 97] [10 24 37] [16 41 57] [52 83 105] [10 24 37] [16 33 57] [57 107 130] [10 24 37] [24 49 72] [84 137 169] [16 33 49] [33 57 87] [142 205 209] [24 49 72] [79 107 119] [255 255 255] [33 56 70] [86 116 138] [255 255 255]]
[[16 33 49] [24 49 72] [41 74 97] [17 33 39] [16 41 49] [52 83 105] [10 24 37] [16 33 49] [69 101 122] [10 24 37] [24 49 72] [84 137 169] [16 33 49] [39 66 71] [153 187 217] [24 41 57] [79 107 119] [255 255 255] [24 49 82] [86 116 138] [255 255 255]]
[[16 33 49] [24 49 72] [41 74 97] [16 33 49] [25 41 46] [52 83 105] [10 24 37] [16 33 49] [54 99 120] [10 24 37] [27 49 56] [85 136 151] [16 33 49] [33 56 70] [135 187 202] [27 49 56] [69 101 122] [255 255 255] [33 56 70] [86 116 138] [255 255 255]]
[[16 33 49] [27 49 56] [41 82 90] [17 33 39] [16 33 49] [52 83 105] [10 24 37] [16 33 49] [69 101 122] [17 33 39] [24 41 57] [85 136 151] [17 33 39] [33 56 70] [135 187 202] [24 41 57] [69 101 122] [255 255 255] [27 49 56] [86 116 138] [255 255 255]]
[[16 33 49] [24 49 72] [48 73 85] [16 33 49] [16 33 49] [55 84 88] [10 24 37] [17 33 39] [54 99 120] [10 24 37] [27 49 56] [82 132 140] [16 33 49] [33 56 70] [137 169 200] [24 41 57] [66 90 118] [255 255 255] [33 56 70] [86 116 138] [255 255 255]]
[[16 33 49] [27 49 56] [41 74 97] [16 33 49] [16 33 49] [41 74 97] [10 24 37] [16 33 49] [57 90 114] [10 24 37] [24 41 57] [82 132 140] [10 24 37] [33 56 70] [138 165 188] [24 41 57] [66 90 118] [255 255 255] [24 49 72] [82 107 136] [255 255 255]]
[[16 33 49] [24 49 72] [41 74 97] [17 33 39] [16 41 49] [48 73 85] [10 24 37] [16 33 49] [57 90 114] [10 24 37] [24 41 57] [74 123 146] [17 33 39] [33 56 70] [118 169 169] [24 41 57] [57 82 115] [255 255 255] [24 49 72] [79 107 119] [255 255 255]]
[[16 33 49] [27 49 56] [48 73 85] [10 24 37] [16 33 49] [41 82 90] [10 24 37] [17 33 39] [55 84 88] [10 24 37] [24 41 57] [86 116 138] [17 33 39] [27 49 56] [121 148 172] [24 41 57] [57 82 115] [255 255 255] [27 49 56] [79 107 119] [255 255 255]]
[[16 33 49] [27 49 56] [39 66 71] [10 24 37] [17 33 39] [48 73 85] [10 24 37] [17 33 39] [55 84 88] [10 24 37] [25 41 46] [72 116 121] [10 24 37] [24 49 72] [121 148 172] [24 33 49] [49 74 104] [255 255 255] [24 41 57] [79 107 119] [255 255 255]]
[[17 33 39] [27 49 56] [39 66 71] [10 24 37] [17 33 39] [48 73 85] [19 24 21] [17 33 39] [52 83 105] [19 24 21] [16 33 49] [79 107 119] [10 24 37] [24 41 57] [102 150 153] [16 33 49] [48 73 85] [255 255 255] [24 41 57] [66 90 118] [255 255 255]]
[[16 33 49] [27 49 56] [39 66 71] [17 33 39] [16 33 49] [39 66 71] [19 24 21] [17 33 39] [55 84 88] [10 24 37] [24 33 49] [69 102 101] [17 33 39] [24 41 57] [114 139 153] [24 33 49] [48 73 85] [255 255 247] [24 41 57] [69 102 101] [255 255 255]]
[[17 33 39] [27 49 56] [35 66 89] [17 33 39] [17 33 39] [39 66 71] [10 24 37] [19 24 21] [55 84 88] [8 17 20] [17 33 39] [69 102 101] [19 24 21] [25 41 46] [100 132 119] [24 33 49] [41 66 99] [255 255 231] [25 41 46] [66 90 118] [255 255 255]]
[[10 24 37] [24 41 57] [39 66 71] [19 24 21] [17 33 39] [39 66 71] [10 24 37] [10 24 37] [48 73 85] [8 17 20] [17 33 39] [66 90 118] [10 24 37] [25 41 46] [86 116 138] [17 33 39] [39 66 71] [232 224 201] [25 41 46] [66 90 118] [255 255 231]]
[[17 33 39] [25 41 46] [39 66 71] [10 24 37] [17 33 39] [44 57 59] [10 24 37] [10 24 37] [52 71 70] [8 17 20] [17 33 39] [69 102 101] [19 24 21] [25 41 46] [101 121 104] [17 33 39] [44 57 59] [242 222 168] [17 33 39] [63 81 71] [255 255 231]]
[[19 24 21] [25 41 46] [33 56 70] [10 24 37] [19 24 21] [44 57 59] [10 24 37] [8 17 20] [39 66 71] [8 17 20] [19 24 21] [55 84 88] [8 17 20] [24 33 49] [86 104 102] [17 33 39] [44 57 59] [210 185 134] [24 33 49] [52 71 70] [254 251 179]]
[[19 24 21] [25 41 46] [44 57 59] [10 24 37] [19 24 21] [44 57 59] [8 17 20] [10 24 37] [44 57 59] [8 17 20] [19 24 21] [52 71 70] [8 17 20] [26 33 27] [89 102 81] [10 24 37] [24 41 57] [183 168 120] [26 33 27] [73 71 50] [242 222 168]]
[[10 24 37] [26 33 27] [43 50 42] [8 17 20] [19 24 21] [27 49 56] [8 17 20] [19 24 21] [44 57 59] [8 17 20] [19 24 21] [52 71 70] [8 17 20] [17 33 39] [80 86 68] [19 24 21] [43 50 42] [173 151 106] [17 33 39] [44 57 59] [210 185 134]]
[[19 24 21] [19 24 21] [25 41 46] [8 17 20] [8 17 20] [43 50 42] [8 17 20] [8 17 20] [43 50 42] [8 17 20] [8 17 20] [44 57 59] [8 17 20] [19 24 21] [73 71 50] [19 24 21] [41 37 25] [122 134 134] [10 24 37] [43 50 42] [250 133 49]]
[[19 24 21] [10 24 37] [26 33 27] [17 16 12] [8 17 20] [26 33 27] [8 17 20] [8 17 20] [25 41 46] [8 8 8] [8 17 20] [43 50 42] [8 17 20] [8 17 20] [56 62 47] [17 16 12] [26 33 27] [97 91 66] [8 17 20] [41 37 25] [183 135 81]]
[[8 17 20] [19 24 21] [26 33 27] [8 8 8] [8 17 20] [26 33 27] [8 8 8] [8 8 8] [26 33 27] [8 8 8] [8 16 8] [41 37 25] [8 8 8] [17 16 12] [43 50 42] [8 17 20] [19 24 21] [73 71 50] [8 17 20] [26 33 27] [105 82 46]]
[[8 8 8] [17 16 12] [17 16 12] [8 8 8] [8 16 8] [19 24 21] [8 8 8] [8 8 8] [19 24 21] [8 8 8] [8 8 8] [19 24 21] [8 8 8] [8 17 20] [41 37 25] [8 8 8] [17 16 12] [43 50 42] [8 8 8] [19 24 21] [71 49 24]]
[[8 8 8] [8 8 8] [17 16 12] [8 8 8] [5 6 2] [17 16 12] [0 0 0] [8 8 8] [17 16 12] [0 0 0] [5 6 2] [19 24 21] [0 0 0] [8 8 8] [19 24 21] [5 6 2] [8 8 8] [26 33 27] [8 8 8] [17 16 12] [40 21 9]]
[[8 8 8] [5 6 2] [8 8 8] [5 6 2] [0 0 0] [8 8 8] [0 0 0] [0 0 0] [8 8 8] [5 6 2] [8 8 8] [17 16 12] [5 6 2] [5 6 2] [17 16 12] [8 8 8] [8 8 8] [19 24 21] [0 0 0] [8 8 8] [19 24 21]]
[[0 0 0] [0 0 0] [5 6 2] [0 0 0] [0 0 0] [5 6 2] [0 0 0] [0 0 0] [5 6 2] [0 0 0] [0 0 0] [8 8 8] [0 0 0] [0 0 0] [8 8 8] [0 0 0] [5 6 2] [8 8 8] [0 0 0] [8 8 8] [8 8 8]]
[[0 0 0] [0 0 0] [0 0 0] [0 0 0] [0 0 0] [0 0 0] [0 0 0] [0 0 0] [5 6 2] [0 0 0] [0 0 0] [5 6 2] [0 0 0] [0 0 0] [5 6 2] [0 0 0] [0 0 0] [5 6 2] [0 0 0] [5 6 2] [5 6 2]]
[[0 0 0] [0 0 0] [0 0 0] [0 0 0] [0 0 0] [0 0 0] [0 0 0] [0 0 0] [0 0 0] [0 0 0] [0 0 0] [0 0 0] [0 0 0] [0 0 0] [0 0 0] [0 0 0] [0 0 0] [5 6 2] [0 0 0] [0 0 0] [0 0 0]]
[[0 0 0] [0 0 0] [0 0 0] [0 0 0] [0 0 0] [0 0 0] [0 0 0] [0 0 0] [0 0 0] [0 0 0] [0 0 0] [0 0 0] [0 0 0] [0 0 0] [0 0 0] [0 0 0] [0 0 0] [0 0 0] [0 0 0] [0 0 0] [0 0 0]]
[[0 0 0] [0 0 0] [0 0 0] [0 0 0] [0 0 0] [0 0 0] [0 0 0] [0 0 0] [0 0 0] [0 0 0] [0 0 0] [0 0 0] [0 0 0] [0 0 0] [0 0 0] [0 0 0] [0 0 0] [0 0 0] [0 0 0] [0 0 0] [0 0 0]]
[[0 0 0] [0 0 0] [0 0 0] [0 0 0] [0 0 0] [0 0 0] [0 0 0] [0 0 0] [0 0 0] [0 0 0] [0 0 0] [0 0 0] [0 0 0] [0 0 0] [0 0 0] [0 0 0] [0 0 0] [0 0 0] [0 0 0] [0 0 0] [0 0 0]]
[[0 0 0] [0 0 0] [0 0 0] [0 0 0] [0 0 0] [0 0 0] [0 0 0] [0 0 0] [0 0 0] [0 0 0] [0 0 0] [0 0 0] [0 0 0] [0 0 0] [0 0 0] [0 0 0] [0 0 0] [0 0 0] [0 0 0] [0 0 0] [0 0 0]]
[[0 0 0] [0 0 0] [0 0 0] [0 0 0] [0 0 0] [0 0 0] [0 0 0] [0 0 0] [0 0 0] [0 0 0] [0 0 0] [0 0 0] [0 0 0] [0 0 0] [0 0 0] [0 0 0] [0 0 0] [0 0 0] [0 0 0] [0 0 0] [0 0 0]]
[[0 0 0] [0 0 0] [0 0 0] [0 0 0] [0 0 0] [0 0 0] [0 0 0] [0 0 0] [0 0 0] [0 0 0] [0 0 0] [0 0 0] [0 0 0] [0 0 0] [0 0 0] [0 0 0] [0 0 0] [0 0 0] [0 0 0] [0 0 0] [0 0 0]]
[[0 0 0] [0 0 0] [0 0 0] [0 0 0] [0 0 0] [0 0 0] [0 0 0] [0 0 0] [0 0 0] [0 0 0] [0 0 0] [0 0 0] [0 0 0] [0 0 0] [0 0 0] [0 0 0] [0 0 0] [0 0 0] [0 0 0] [0 0 0] [0 0 0]]
[[0 0 0] [0 0 0] [0 0 0] [0 0 0] [0 0 0] [0 0 0] [0 0 0] [0 0 0] [0 0 0] [0 0 0] [0 0 0] [0 0 0] [0 0 0] [0 0 0] [0 0 0] [0 0 0] [0 0 0] [0 0 0] [0 0 0] [0 0 0] [0 0 0]]
[[0 0 0] [0 0 0] [0 0 0] [0 0 0] [0 0 0] [0 0 0] [0 0 0] [0 0 0] [0 0 0] [0 0 0] [0 0 0] [0 0 0] [0 0 0] [0 0 0] [0 0 0] [0 0 0] [0 0 0] [0 0 0] [0 0 0] [0 0 0] [0 0 0]]
[[0 0 0] [0 0 0] [0 0 0] [0 0 0] [0 0 0] [0 0 0] [0 0 0] [0 0 0] [0 0 0] [0 0 0] [0 0 0] [0 0 0] [0 0 0] [0 0 0] [0 0 0] [0 0 0] [0 0 0] [0 0 0] [0 0 0] [0 0 0] [0 0 0]]
[[0 0 0] [0 0 0] [0 0 0] [0 0 0] [0 0 0] [0 0 0] [0 0 0] [0 0 0] [0 0 0] [0 0 0] [0 0 0] [0 0 0] [0 0 0] [0 0 0] [0 0 0] [0 0 0] [0 0 0] [0 0 0] [0 0 0] [0 0 0] [0 0 0]]
[[0 0 0] [0 0 0] [0 0 0] [0 0 0] [0 0 0] [0 0 0] [0 0 0] [0 0 0] [0 0 0] [0 0 0] [0 0 0] [0 0 0] [0 0 0] [0 0 0] [0 0 0] [0 0 0] [0 0 0] [0 0 0] [0 0 0] [0 0 0] [0 0 0]]
[[0 0 0] [0 0 0] [0 0 0] [0 0 0] [0 0 0] [0 0 0] [0 0 0] [0 0 0] [0 0 0] [0 0 0] [0 0 0] [0 0 0] [0 0 0] [0 0 0] [0 0 0] [0 0 0] [0 0 0] [0 0 0] [0 0 0] [0 0 0] [0 0 0]]
[[0 0 0] [0 0 0] [0 0 0] [0 0 0] [0 0 0] [0 0 0] [0 0 0] [0 0 0] [0 0 0] [0 0 0] [0 0 0] [0 0 0] [0 0 0] [0 0 0] [0 0 0] [0 0 0] [0 0 0] [0 0 0] [0 0 0] [0 0 0] [0 0 0]]
[[0 0 0] [0 0 0] [0 0 0] [0 0 0] [0 0 0] [0 0 0] [0 0 0] [0 0 0] [0 0 0] [0 0 0] [0 0 0] [0 0 0] [0 0 0] [0 0 0] [0 0 0] [0 0 0] [0 0 0] [0 0 0] [0 0 0] [0 0 0] [0 0 0]]
[[0 0 0] [0 0 0] [0 0 0] [0 0 0] [0 0 0] [0 0 0] [0 0 0] [0 0 0] [0 0 0] [0 0 0] [0 0 0] [0 0 0] [0 0 0] [0 0 0] [0 0 0] [0 0 0] [0 0 0] [0 0 0] [0 0 0] [0 0 0] [0 0 0]]
[[0 0 0] [0 0 0] [0 0 0] [0 0 0] [0 0 0] [0 0 0] [0 0 0] [0 0 0] [0 0 0] [0 0 0] [0 0 0] [0 0 0] [0 0 0] [0 0 0] [0 0 0] [0 0 0] [0 0 0] [0 0 0] [0 0 0] [0 0 0] [0 0 0]]
[[0 0 0] [0 0 0] [0 0 0] [0 0 0] [0 0 0] [0 0 0] [0 0 0] [0 0 0] [0 0 0] [0 0 0] [0 0 0] [0 0 0] [0 0 0] [0 0 0] [0 0 0] [0 0 0] [0 0 0] [0 0 0] [0 0 0] [0 0 0] [0 0 0]]
[[0 0 0] [0 0 0] [0 0 0] [0 0 0] [0 0 0] [0 0 0] [0 0 0] [0 0 0] [0 0 0] [0 0 0] [0 0 0] [0 0 0] [0 0 0] [0 0 0] [0 0 0] [0 0 0] [0 0 0] [0 0 0] [0 0 0] [0 0 0] [0 0 0]]
[[0 0 0] [0 0 0] [0 0 0] [0 0 0] [0 0 0] [0 0 0] [0 0 0] [0 0 0] [0 0 0] [0 0 0] [0 0 0] [0 0 0] [0 0 0] [0 0 0] [0 0 0] [0 0 0] [0 0 0] [0 0 0] [0 0 0] [0 0 0] [0 0 0]]
[[0 0 0] [0 0 0] [0 0 0] [0 0 0] [0 0 0] [0 0 0] [0 0 0] [0 0 0] [0 0 0] [0 0 0] [0 0 0] [0 0 0] [0 0 0] [0 0 0] [0 0 0] [0 0 0] [0 0 0] [0 0 0] [0 0 0] [0 0 0] [0 0 0]]
[[0 0 0] [0 0 0] [0 0 0] [0 0 0] [0 0 0] [0 0 0] [0 0 0] [0 0 0] [0 0 0] [0 0 0] [0 0 0] [0 0 0] [0 0 0] [0 0 0] [0 0 0] [0 0 0] [0 0 0] [0 0 0] [0 0 0] [0 0 0] [0 0 0]]
[[0 0 0] [0 0 0] [0 0 0] [0 0 0] [0 0 0] [0 0 0] [0 0 0] [0 0 0] [0 0 0] [0 0 0] [0 0 0] [0 0 0] [0 0 0] [0 0 0] [0 0 0] [0 0 0] [0 0 0] [0 0 0] [0 0 0] [0 0 0] [0 0 0]]
[[0 0 0] [0 0 0] [0 0 0] [0 0 0] [0 0 0] [0 0 0] [0 0 0] [0 0 0] [0 0 0] [0 0 0] [0 0 0] [0 0 0] [0 0 0] [0 0 0] [0 0 0] [0 0 0] [0 0 0] [0 0 0] [0 0 0] [0 0 0] [0 0 0]]
[[0 0 0] [0 0 0] [0 0 0] [0 0 0] [0 0 0] [0 0 0] [0 0 0] [0 0 0] [0 0 0] [0 0 0] [0 0 0] [0 0 0] [0 0 0] [0 0 0] [0 0 0] [0 0 0] [0 0 0] [0 0 0] [0 0 0] [0 0 0] [0 0 0]]
[[0 0 0] [0 0 0] [0 0 0] [0 0 0] [0 0 0] [0 0 0] [0 0 0] [0 0 0] [0 0 0] [0 0 0] [0 0 0] [0 0 0] [0 0 0] [0 0 0] [0 0 0] [0 0 0] [0 0 0] [0 0 0] [0 0 0] [0 0 0] [0 0 0]]
[[0 0 0] [0 0 0] [0 0 0] [0 0 0] [0 0 0] [0 0 0] [0 0 0] [0 0 0] [0 0 0] [0 0 0] [0 0 0] [0 0 0] [0 0 0] [0 0 0] [0 0 0] [0 0 0] [0 0 0] [0 0 0] [0 0 0] [0 0 0] [0 0 0]]
[[0 0 0] [0 0 0] [0 0 0] [0 0 0] [0 0 0] [0 0 0] [0 0 0] [0 0 0] [0 0 0] [0 0 0] [0 0 0] [0 0 0] [0 0 0] [0 0 0] [0 0 0] [0 0 0] [0 0 0] [0 0 0] [0 0 0] [0 0 0] [0 0 0]]
[[0 0 0] [0 0 0] [0 0 0] [0 0 0] [0 0 0] [0 0 0] [0 0 0] [0 0 0] [0 0 0] [0 0 0] [0 0 0] [0 0 0] [0 0 0] [0 0 0] [0 0 0] [0 0 0] [0 0 0] [0 0 0] [0 0 0] [0 0 0] [0 0 0]]
[[0 0 0] [0 0 0] [0 0 0] [0 0 0] [0 0 0] [0 0 0] [0 0 0] [0 0 0] [0 0 0] [0 0 0] [0 0 0] [0 0 0] [0 0 0] [0 0 0] [0 0 0] [0 0 0] [0 0 0] [0 0 0] [0 0 0] [0 0 0] [0 0 0]]
[[0 0 0] [0 0 0] [0 0 0] [0 0 0] [0 0 0] [0 0 0] [0 0 0] [0 0 0] [0 0 0] [0 0 0] [0 0 0] [0 0 0] [0 0 0] [0 0 0] [0 0 0] [0 0 0] [0 0 0] [0 0 0] [0 0 0] [0 0 0] [0 0 0]]
[[0 0 0] [0 0 0] [0 0 0] [0 0 0] [0 0 0] [0 0 0] [0 0 0] [0 0 0] [0 0 0] [0 0 0] [0 0 0] [0 0 0] [0 0 0] [0 0 0] [0 0 0] [0 0 0] [0 0 0] [0 0 0] [0 0 0] [0 0 0] [0 0 0]]
[[0 0 0] [0 0 0] [0 0 0] [0 0 0] [0 0 0] [0 0 0] [0 0 0] [0 0 0] [0 0 0] [0 0 0] [0 0 0] [0 0 0] [0 0 0] [0 0 0] [0 0 0] [0 0 0] [0 0 0] [0 0 0] [0 0 0] [0 0 0] [0 0 0]]
[[0 0 0] [0 0 0] [0 0 0] [0 0 0] [0 0 0] [0 0 0] [0 0 0] [0 0 0] [0 0 0] [0 0 0] [0 0 0] [0 0 0] [0 0 0] [0 0 0] [0 0 0] [0 0 0] [0 0 0] [0 0 0] [0 0 0] [0 0 0] [0 0 0]]
[[0 0 0] [0 0 0] [0 0 0] [0 0 0] [0 0 0] [0 0 0] [0 0 0] [0 0 0] [0 0 0] [0 0 0] [0 0 0] [0 0 0] [0 0 0] [0 0 0] [0 0 0] [0 0 0] [0 0 0] [0 0 0] [0 0 0] [0 0 0] [0 0 0]]
[[0 0 0] [0 0 0] [0 0 0] [0 0 0] [0 0 0] [0 0 0] [0 0 0] [0 0 0] [0 0 0] [0 0 0] [0 0 0] [0 0 0] [0 0 0] [0 0 0] [0 0 0] [0 0 0] [0 0 0] [0 0 0] [0 0 0] [0 0 0] [0 0 0]]
[[0 0 0] [0 0 0] [0 0 0] [0 0 0] [0 0 0] [0 0 0] [0 0 0] [0 0 0] [0 0 0] [0 0 0] [0 0 0] [0 0 0] [0 0 0] [0 0 0] [0 0 0] [0 0 0] [0 0 0] [0 0 0] [0 0 0] [0 0 0] [0 0 0]]
[[0 0 0] [0 0 0] [0 0 0] [0 0 0] [0 0 0] [0 0 0] [0 0 0] [0 0 0] [0 0 0] [0 0 0] [0 0 0] [0 0 0] [0 0 0] [0 0 0] [0 0 0] [0 0 0] [0 0 0] [0 0 0] [0 0 0] [0 0 0] [0 0 0]]
[[0 0 0] [0 0 0] [0 0 0] [0 0 0] [0 0 0] [0 0 0] [0 0 0] [0 0 0] [0 0 0] [0 0 0] [0 0 0] [0 0 0] [0 0 0] [0 0 0] [0 0 0] [0 0 0] [0 0 0] [0 0 0] [0 0 0] [0 0 0] [0 0 0]]
[[0 0 0] [0 0 0] [0 0 0] [0 0 0] [0 0 0] [0 0 0] [0 0 0] [0 0 0] [0 0 0] [0 0 0] [0 0 0] [0 0 0] [0 0 0] [0 0 0] [0 0 0] [0 0 0] [0 0 0] [0 0 0] [0 0 0] [0 0 0] [0 0 0]]
[[0 0 0] [0 0 0] [0 0 0] [0 0 0] [0 0 0] [0 0 0] [0 0 0] [0 0 0] [0 0 0] [0 0 0] [0 0 0] [0 0 0] [0 0 0] [0 0 0] [0 0 0] [0 0 0] [0 0 0] [0 0 0] [0 0 0] [0 0 0] [0 0 0]]
[[0 0 0] [0 0 0] [0 0 0] [0 0 0] [0 0 0] [0 0 0] [0 0 0] [0 0 0] [0 0 0] [0 0 0] [0 0 0] [0 0 0] [0 0 0] [0 0 0] [0 0 0] [0 0 0] [0 0 0] [0 0 0] [0 0 0] [0 0 0] [0 0 0]]
[[0 0 0] [0 0 0] [0 0 0] [0 0 0] [0 0 0] [0 0 0] [0 0 0] [0 0 0] [0 0 0] [0 0 0] [0 0 0] [0 0 0] [0 0 0] [0 0 0] [0 0 0] [0 0 0] [0 0 0] [0 0 0] [0 0 0] [0 0 0] [0 0 0]]
[[0 0 0] [0 0 0] [0 0 0] [0 0 0] [0 0 0] [0 0 0] [0 0 0] [0 0 0] [0 0 0] [0 0 0] [0 0 0] [0 0 0] [0 0 0] [0 0 0] [0 0 0] [0 0 0] [0 0 0] [0 0 0] [0 0 0] [0 0 0] [0 0 0]]
[[0 0 0] [0 0 0] [0 0 0] [0 0 0] [0 0 0] [0 0 0] [0 0 0] [0 0 0] [0 0 0] [0 0 0] [0 0 0] [0 0 0] [0 0 0] [0 0 0] [0 0 0] [0 0 0] [0 0 0] [0 0 0] [0 0 0] [0 0 0] [0 0 0]]
[[0 0 0] [0 0 0] [0 0 0] [0 0 0] [0 0 0] [0 0 0] [0 0 0] [0 0 0] [0 0 0] [0 0 0] [0 0 0] [0 0 0] [0 0 0] [0 0 0] [0 0 0] [0 0 0] [0 0 0] [0 0 0] [0 0 0] [0 0 0] [0 0 0]]
[[0 0 0] [0 0 0] [0 0 0] [0 0 0] [0 0 0] [0 0 0] [0 0 0] [0 0 0] [0 0 0] [0 0 0] [0 0 0] [0 0 0] [0 0 0] [0 0 0] [0 0 0] [0 0 0] [0 0 0] [0 0 0] [0 0 0] [0 0 0] [0 0 0]]
[[0 0 0] [0 0 0] [0 0 0] [0 0 0] [0 0 0] [0 0 0] [0 0 0] [0 0 0] [0 0 0] [0 0 0] [0 0 0] [0 0 0] [0 0 0] [0 0 0] [0 0 0] [0 0 0] [0 0 0] [0 0 0] [0 0 0] [0 0 0] [0 0 0]]
[[0 0 0] [0 0 0] [0 0 0] [0 0 0] [0 0 0] [0 0 0] [0 0 0] [0 0 0] [0 0 0] [0 0 0] [0 0 0] [0 0 0] [0 0 0] [0 0 0] [0 0 0] [0 0 0] [0 0 0] [0 0 0] [0 0 0] [0 0 0] [0 0 0]]
[[0 0 0] [0 0 0] [0 0 0] [0 0 0] [0 0 0] [0 0 0] [0 0 0] [0 0 0] [0 0 0] [0 0 0] [0 0 0] [0 0 0] [0 0 0] [0 0 0] [0 0 0] [0 0 0] [0 0 0] [0 0 0] [0 0 0] [0 0 0] [0 0 0]]
[[0 0 0] [0 0 0] [0 0 0] [0 0 0] [0 0 0] [0 0 0] [0 0 0] [0 0 0] [0 0 0] [0 0 0] [0 0 0] [0 0 0] [0 0 0] [0 0 0] [0 0 0] [0 0 0] [0 0 0] [0 0 0] [0 0 0] [0 0 0] [0 0 0]]
[[0 0 0] [0 0 0] [0 0 0] [0 0 0] [0 0 0] [0 0 0] [0 0 0] [0 0 0] [0 0 0] [0 0 0] [0 0 0] [0 0 0] [0 0 0] [0 0 0] [0 0 0] [0 0 0] [0 0 0] [0 0 0] [0 0 0] [0 0 0] [0 0 0]]
[[0 0 0] [0 0 0] [0 0 0] [0 0 0] [0 0 0] [0 0 0] [0 0 0] [0 0 0] [0 0 0] [0 0 0] [0 0 0] [0 0 0] [0 0 0] [0 0 0] [0 0 0] [0 0 0] [0 0 0] [0 0 0] [0 0 0] [0 0 0] [0 0 0]]
[[0 0 0] [0 0 0] [0 0 0] [0 0 0] [0 0 0] [0 0 0] [0 0 0] [0 0 0] [0 0 0] [0 0 0] [0 0 0] [0 0 0] [0 0 0] [0 0 0] [0 0 0] [0 0 0] [0 0 0] [0 0 0] [0 0 0] [0 0 0] [0 0 0]]
[[0 0 0] [0 0 0] [0 0 0] [0 0 0] [0 0 0] [0 0 0] [0 0 0] [0 0 0] [0 0 0] [0 0 0] [0 0 0] [0 0 0] [0 0 0] [0 0 0] [0 0 0] [0 0 0] [0 0 0] [0 0 0] [0 0 0] [0 0 0] [0 0 0]]
[[0 0 0] [0 0 0] [0 0 0] [0 0 0] [0 0 0] [0 0 0] [0 0 0] [0 0 0] [0 0 0] [0 0 0] [0 0 0] [0 0 0] [0 0 0] [0 0 0] [0 0 0] [0 0 0] [0 0 0] [0 0 0] [0 0 0] [0 0 0] [0 0 0]]
[[0 0 0] [0 0 0] [0 0 0] [0 0 0] [0 0 0] [0 0 0] [0 0 0] [0 0 0] [0 0 0] [0 0 0] [0 0 0] [0 0 0] [0 0 0] [0 0 0] [0 0 0] [0 0 0] [0 0 0] [0 0 0] [0 0 0] [0 0 0] [0 0 0]]
[[0 0 0] [0 0 0] [0 0 0] [0 0 0] [0 0 0] [0 0 0] [0 0 0] [0 0 0] [0 0 0] [0 0 0] [0 0 0] [0 0 0] [0 0 0] [0 0 0] [0 0 0] [0 0 0] [0 0 0] [0 0 0] [0 0 0] [0 0 0] [0 0 0]]
[[0 0 0] [0 0 0] [0 0 0] [0 0 0] [0 0 0] [0 0 0] [0 0 0] [0 0 0] [0 0 0] [0 0 0] [0 0 0] [0 0 0] [0 0 0] [0 0 0] [0 0 0] [0 0 0] [0 0 0] [0 0 0] [0 0 0] [0 0 0] [0 0 0]]
[[0 0 0] [0 0 0] [0 0 0] [0 0 0] [0 0 0] [0 0 0] [0 0 0] [0 0 0] [0 0 0] [0 0 0] [0 0 0] [0 0 0] [0 0 0] [0 0 0] [0 0 0] [0 0 0] [0 0 0] [0 0 0] [0 0 0] [0 0 0] [0 0 0]]
[[0 0 0] [0 0 0] [0 0 0] [0 0 0] [0 0 0] [0 0 0] [0 0 0] [0 0 0] [0 0 0] [0 0 0] [0 0 0] [0 0 0] [0 0 0] [0 0 0] [0 0 0] [0 0 0] [0 0 0] [0 0 0] [0 0 0] [0 0 0] [0 0 0]]
[[0 0 0] [0 0 0] [0 0 0] [0 0 0] [0 0 0] [0 0 0] [0 0 0] [0 0 0] [0 0 0] [0 0 0] [0 0 0] [0 0 0] [0 0 0] [0 0 0] [0 0 0] [0 0 0] [0 0 0] [0 0 0] [0 0 0] [0 0 0] [0 0 0]]
[[0 0 0] [0 0 0] [0 0 0] [0 0 0] [0 0 0] [0 0 0] [0 0 0] [0 0 0] [0 0 0] [0 0 0] [0 0 0] [0 0 0] [0 0 0] [0 0 0] [0 0 0] [0 0 0] [0 0 0] [0 0 0] [0 0 0] [0 0 0] [0 0 0]]
[[0 0 0] [0 0 0] [0 0 0] [0 0 0] [0 0 0] [0 0 0] [0 0 0] [0 0 0] [0 0 0] [0 0 0] [0 0 0] [0 0 0] [0 0 0] [0 0 0] [0 0 0] [0 0 0] [0 0 0] [0 0 0] [0 0 0] [0 0 0] [0 0 0]]
[[0 0 0] [0 0 0] [0 0 0] [0 0 0] [0 0 0] [0 0 0] [0 0 0] [0 0 0] [0 0 0] [0 0 0] [0 0 0] [0 0 0] [0 0 0] [0 0 0] [0 0 0] [0 0 0] [0 0 0] [0 0 0] [0 0 0] [0 0 0] [0 0 0]]
[[0 0 0] [0 0 0] [0 0 0] [0 0 0] [0 0 0] [0 0 0] [0 0 0] [0 0 0] [0 0 0] [0 0 0] [0 0 0] [0 0 0] [0 0 0] [0 0 0] [0 0 0] [0 0 0] [0 0 0] [0 0 0] [0 0 0] [0 0 0] [0 0 0]]
[[0 0 0] [0 0 0] [0 0 0] [0 0 0] [0 0 0] [0 0 0] [0 0 0] [0 0 0] [0 0 0] [0 0 0] [0 0 0] [0 0 0] [0 0 0] [0 0 0] [0 0 0] [0 0 0] [0 0 0] [0 0 0] [0 0 0] [0 0 0] [0 0 0]]
[[0 0 0] [0 0 0] [0 0 0] [0 0 0] [0 0 0] [0 0 0] [0 0 0] [0 0 0] [0 0 0] [0 0 0] [0 0 0] [0 0 0] [0 0 0] [0 0 0] [0 0 0] [0 0 0] [0 0 0] [0 0 0] [0 0 0] [0 0 0] [0 0 0]]
[[0 0 0] [0 0 0] [0 0 0] [0 0 0] [0 0 0] [0 0 0] [0 0 0] [0 0 0] [0 0 0] [0 0 0] [0 0 0] [0 0 0] [0 0 0] [0 0 0] [0 0 0] [0 0 0] [0 0 0] [0 0 0] [0 0 0] [0 0 0] [0 0 0]]
[[0 0 0] [0 0 0] [0 0 0] [0 0 0] [0 0 0] [0 0 0] [0 0 0] [0 0 0] [0 0 0] [0 0 0] [0 0 0] [0 0 0] [0 0 0] [0 0 0] [0 0 0] [0 0 0] [0 0 0] [0 0 0] [0 0 0] [0 0 0] [0 0 0]]
[[0 0 0] [0 0 0] [0 0 0] [0 0 0] [0 0 0] [0 0 0] [0 0 0] [0 0 0] [0 0 0] [0 0 0] [0 0 0] [0 0 0] [0 0 0] [0 0 0] [0 0 0] [0 0 0] [0 0 0] [0 0 0] [0 0 0] [0 0 0] [0 0 0]]
[[0 0 0] [0 0 0] [0 0 0] [0 0 0] [0 0 0] [0 0 0] [0 0 0] [0 0 0] [0 0 0] [0 0 0] [0 0 0] [0 0 0] [0 0 0] [0 0 0] [0 0 0] [0 0 0] [0 0 0] [0 0 0] [0 0 0] [0 0 0] [0 0 0]]
[[0 0 0] [0 0 0] [0 0 0] [0 0 0] [0 0 0] [0 0 0] [0 0 0] [0 0 0] [0 0 0] [0 0 0] [0 0 0] [0 0 0] [0 0 0] [0 0 0] [0 0 0] [0 0 0] [0 0 0] [0 0 0] [0 0 0] [0 0 0] [0 0 0]]
[[0 0 0] [0 0 0] [0 0 0] [0 0 0] [0 0 0] [0 0 0] [0 0 0] [0 0 0] [0 0 0] [0 0 0] [0 0 0] [0 0 0] [0 0 0] [0 0 0] [0 0 0] [0 0 0] [0 0 0] [0 0 0] [0 0 0] [0 0 0] [0 0 0]]
[[0 0 0] [0 0 0] [0 0 0] [0 0 0] [0 0 0] [0 0 0] [0 0 0] [0 0 0] [0 0 0] [0 0 0] [0 0 0] [0 0 0] [0 0 0] [0 0 0] [0 0 0] [0 0 0] [0 0 0] [0 0 0] [0 0 0] [0 0 0] [0 0 0]]
[[0 0 0] [0 0 0] [0 0 0] [0 0 0] [0 0 0] [0 0 0] [0 0 0] [0 0 0] [0 0 0] [0 0 0] [0 0 0] [0 0 0] [0 0 0] [0 0 0] [0 0 0] [0 0 0] [0 0 0] [0 0 0] [0 0 0] [0 0 0] [0 0 0]]
[[0 0 0] [0 0 0] [0 0 0] [0 0 0] [0 0 0] [0 0 0] [0 0 0] [0 0 0] [0 0 0] [0 0 0] [0 0 0] [0 0 0] [0 0 0] [0 0 0] [0 0 0] [0 0 0] [0 0 0] [0 0 0] [0 0 0] [0 0 0] [0 0 0]]
[[0 0 0] [0 0 0] [0 0 0] [0 0 0] [0 0 0] [0 0 0] [0 0 0] [0 0 0] [0 0 0] [0 0 0] [0 0 0] [0 0 0] [0 0 0] [0 0 0] [0 0 0] [0 0 0] [0 0 0] [0 0 0] [0 0 0] [0 0 0] [0 0 0]]
[[0 0 0] [0 0 0] [0 0 0] [0 0 0] [0 0 0] [0 0 0] [0 0 0] [0 0 0] [0 0 0] [0 0 0] [0 0 0] [0 0 0] [0 0 0] [0 0 0] [0 0 0] [0 0 0] [0 0 0] [0 0 0] [0 0 0] [0 0 0] [0 0 0]]
[[0 0 0] [0 0 0] [0 0 0] [0 0 0] [0 0 0] [0 0 0] [0 0 0] [0 0 0] [0 0 0] [0 0 0] [0 0 0] [0 0 0] [0 0 0] [0 0 0] [0 0 0] [0 0 0] [0 0 0] [0 0 0] [0 0 0] [0 0 0] [0 0 0]]
[[0 0 0] [0 0 0] [0 0 0] [0 0 0] [0 0 0] [0 0 0] [0 0 0] [0 0 0] [0 0 0] [0 0 0] [0 0 0] [0 0 0] [0 0 0] [0 0 0] [0 0 0] [0 0 0] [0 0 0] [0 0 0] [0 0 0] [0 0 0] [0 0 0]]
[[0 0 0] [0 0 0] [0 0 0] [0 0 0] [0 0 0] [0 0 0] [0 0 0] [0 0 0] [0 0 0] [0 0 0] [0 0 0] [0 0 0] [0 0 0] [0 0 0] [0 0 0] [0 0 0] [0 0 0] [0 0 0] [0 0 0] [0 0 0] [0 0 0]]
[[0 0 0] [0 0 0] [0 0 0] [0 0 0] [0 0 0] [0 0 0] [0 0 0] [0 0 0] [0 0 0] [0 0 0] [0 0 0] [0 0 0] [0 0 0] [0 0 0] [0 0 0] [0 0 0] [0 0 0] [0 0 0] [0 0 0] [0 0 0] [0 0 0]]
[[0 0 0] [0 0 0] [0 0 0] [0 0 0] [0 0 0] [0 0 0] [0 0 0] [0 0 0] [0 0 0] [0 0 0] [0 0 0] [0 0 0] [0 0 0] [0 0 0] [0 0 0] [0 0 0] [0 0 0] [0 0 0] [0 0 0] [0 0 0] [0 0 0]]
[[0 0 0] [0 0 0] [0 0 0] [0 0 0] [0 0 0] [0 0 0] [0 0 0] [0 0 0] [0 0 0] [0 0 0] [0 0 0] [0 0 0] [0 0 0] [0 0 0] [0 0 0] [0 0 0] [0 0 0] [0 0 0] [0 0 0] [0 0 0] [0 0 0]]
[[0 0 0] [0 0 0] [0 0 0] [0 0 0] [0 0 0] [0 0 0] [0 0 0] [0 0 0] [0 0 0] [0 0 0] [0 0 0] [0 0 0] [0 0 0] [0 0 0] [0 0 0] [0 0 0] [0 0 0] [0 0 0] [0 0 0] [0 0 0] [0 0 0]]
[[0 0 0] [0 0 0] [0 0 0] [0 0 0] [0 0 0] [0 0 0] [0 0 0] [0 0 0] [0 0 0] [0 0 0] [0 0 0] [0 0 0] [0 0 0] [0 0 0] [0 0 0] [0 0 0] [0 0 0] [0 0 0] [0 0 0] [0 0 0] [0 0 0]]
[[0 0 0] [0 0 0] [0 0 0] [0 0 0] [0 0 0] [0 0 0] [0 0 0] [0 0 0] [0 0 0] [0 0 0] [0 0 0] [0 0 0] [0 0 0] [0 0 0] [0 0 0] [0 0 0] [0 0 0] [0 0 0] [0 0 0] [0 0 0] [0 0 0]]
[[0 0 0] [0 0 0] [0 0 0] [0 0 0] [0 0 0] [0 0 0] [0 0 0] [0 0 0] [0 0 0] [0 0 0] [0 0 0] [0 0 0] [0 0 0] [0 0 0] [0 0 0] [0 0 0] [0 0 0] [0 0 0] [0 0 0] [0 0 0] [0 0 0]]
[[0 0 0] [0 0 0] [0 0 0] [0 0 0] [0 0 0] [0 0 0] [0 0 0] [0 0 0] [0 0 0] [0 0 0] [0 0 0] [0 0 0] [0 0 0] [0 0 0] [0 0 0] [0 0 0] [0 0 0] [0 0 0] [0 0 0] [0 0 0] [0 0 0]]
[[0 0 0] [0 0 0] [0 0 0] [0 0 0] [0 0 0] [0 0 0] [0 0 0] [0 0 0] [0 0 0] [0 0 0] [0 0 0] [0 0 0] [0 0 0] [0 0 0] [0 0 0] [0 0 0] [0 0 0] [0 0 0] [0 0 0] [0 0 0] [0 0 0]]
[[0 0 0] [0 0 0] [0 0 0] [0 0 0] [0 0 0] [0 0 0] [0 0 0] [0 0 0] [0 0 0] [0 0 0] [0 0 0] [0 0 0] [0 0 0] [0 0 0] [0 0 0] [0 0 0] [0 0 0] [0 0 0] [0 0 0] [0 0 0] [0 0 0]]
[[0 0 0] [0 0 0] [0 0 0] [0 0 0] [0 0 0] [0 0 0] [0 0 0] [0 0 0] [0 0 0] [0 0 0] [0 0 0] [0 0 0] [0 0 0] [0 0 0] [0 0 0] [0 0 0] [0 0 0] [0 0 0] [0 0 0] [0 0 0] [0 0 0]]
[[0 0 0] [0 0 0] [0 0 0] [0 0 0] [0 0 0] [0 0 0] [0 0 0] [0 0 0] [0 0 0] [0 0 0] [0 0 0] [0 0 0] [0 0 0] [0 0 0] [0 0 0] [0 0 0] [0 0 0] [0 0 0] [0 0 0] [0 0 0] [0 0 0]]
[[0 0 0] [0 0 0] [0 0 0] [0 0 0] [0 0 0] [0 0 0] [0 0 0] [0 0 0] [0 0 0] [0 0 0] [0 0 0] [0 0 0] [0 0 0] [0 0 0] [0 0 0] [0 0 0] [0 0 0] [0 0 0] [0 0 0] [0 0 0] [0 0 0]]
[[0 0 0] [0 0 0] [0 0 0] [0 0 0] [0 0 0] [0 0 0] [0 0 0] [0 0 0] [0 0 0] [0 0 0] [0 0 0] [0 0 0] [0 0 0] [0 0 0] [0 0 0] [0 0 0] [0 0 0] [0 0 0] [0 0 0] [0 0 0] [0 0 0]]
[[0 0 0] [0 0 0] [0 0 0] [0 0 0] [0 0 0] [0 0 0] [0 0 0] [0 0 0] [0 0 0] [0 0 0] [0 0 0] [0 0 0] [0 0 0] [0 0 0] [0 0 0] [0 0 0] [0 0 0] [0 0 0] [0 0 0] [0 0 0] [0 0 0]]
[[0 0 0] [0 0 0] [0 0 0] [0 0 0] [0 0 0] [0 0 0] [0 0 0] [0 0 0] [0 0 0] [0 0 0] [0 0 0] [0 0 0] [0 0 0] [0 0 0] [0 0 0] [0 0 0] [0 0 0] [0 0 0] [0 0 0] [0 0 0] [0 0 0]]
[[0 0 0] [0 0 0] [0 0 0] [0 0 0] [0 0 0] [0 0 0] [0 0 0] [0 0 0] [0 0 0] [0 0 0] [0 0 0] [0 0 0] [0 0 0] [0 0 0] [0 0 0] [0 0 0] [0 0 0] [0 0 0] [0 0 0] [0 0 0] [0 0 0]]
[[0 0 0] [0 0 0] [0 0 0] [0 0 0] [0 0 0] [0 0 0] [0 0 0] [0 0 0] [0 0 0] [0 0 0] [0 0 0] [0 0 0] [0 0 0] [0 0 0] [0 0 0] [0 0 0] [0 0 0] [0 0 0] [0 0 0] [0 0 0] [0 0 0]]
[[0 0 0] [0 0 0] [0 0 0] [0 0 0] [0 0 0] [0 0 0] [0 0 0] [0 0 0] [0 0 0] [0 0 0] [0 0 0] [0 0 0] [0 0 0] [0 0 0] [0 0 0] [0 0 0] [0 0 0] [0 0 0] [0 0 0] [0 0 0] [0 0 0]]
[[0 0 0] [0 0 0] [0 0 0] [0 0 0] [0 0 0] [0 0 0] [0 0 0] [0 0 0] [0 0 0] [0 0 0] [0 0 0] [0 0 0] [0 0 0] [0 0 0] [0 0 0] [0 0 0] [0 0 0] [0 0 0] [0 0 0] [0 0 0] [0 0 0]]
[[0 0 0] [0 0 0] [0 0 0] [0 0 0] [0 0 0] [0 0 0] [0 0 0] [0 0 0] [0 0 0] [0 0 0] [0 0 0] [0 0 0] [0 0 0] [0 0 0] [0 0 0] [0 0 0] [0 0 0] [0 0 0] [0 0 0] [0 0 0] [0 0 0]]
[[0 0 0] [0 0 0] [0 0 0] [0 0 0] [0 0 0] [0 0 0] [0 0 0] [0 0 0] [0 0 0] [0 0 0] [0 0 0] [0 0 0] [0 0 0] [0 0 0] [0 0 0] [0 0 0] [0 0 0] [0 0 0] [0 0 0] [0 0 0] [0 0 0]]
]
